202	1
141	2
194	3
83	4
85	5
9	6
109	7
61	8
3	9
1	10
6	11
55	12
15	13
75	14
54	15
60	16
242	17
16	18
73	19
63	20
69	21
122	22
57	23
44	24
10	25
210	26
71	27
241	28
28	29
92	30
30	31
59	32
53	33
46	34
78	35
77	36
237	37
70	38
31	39
93	40
42	41
41	42
186	43
36	44
50	45
58	46
24	47
215	48
25	49
37	50
39	51
51	52
100	53
18	54
23	56
226	57
68	59
8	60
97	61
96	62
64	63
130	64
27	65
84	66
32	67
225	68
34	69
67	70
20	71
217	72
35	73
131	74
65	75
74	76
19	77
236	78
56	79
47	80
33	82
62	83
72	84
124	85
121	86
119	87
110	88
14	89
21	90
133	91
91	92
17	93
132	94
7	95
205	96
126	97
168	98
66	99
135	100
117	101
101	102
104	103
199	104
150	105
140	106
22	107
136	108
111	109
206	110
106	111
196	112
223	113
139	114
123	115
129	116
143	117
13	118
12	119
107	120
192	121
125	122
29	123
120	124
114	125
258	126
128	127
127	128
116	129
2	130
115	131
224	132
213	133
197	134
137	136
103	137
219	138
144	139
108	140
209	141
145	142
239	143
146	145
285	146
151	147
147	148
204	149
142	150
148	151
118	152
254	153
178	154
231	155
198	156
169	157
193	158
87	159
220	160
155	161
234	162
162	163
163	164
164	165
165	166
154	167
167	168
5	169
138	170
259	171
203	172
262	173
134	174
188	175
247	176
176	177
184	178
174	179
179	180
180	181
181	182
182	183
260	185
214	186
4	187
200	188
183	189
156	190
26	191
261	192
173	193
245	194
208	195
227	196
201	197
160	198
99	199
284	200
152	201
112	202
229	203
216	204
251	205
149	206
218	207
171	208
11	209
76	210
212	211
86	212
90	213
49	214
48	215
240	217
172	218
211	219
161	220
257	221
98	222
105	223
113	224
102	225
207	226
195	227
177	228
230	229
157	232
43	233
233	234
158	235
94	236
88	237
190	238
238	239
280	247
249	248
248	249
166	250
221	253
185	257
256	258
153	269
159	270
170	271
271	272
273	274
279	275
264	276
266	277
268	278
189	280
246	283
