5735	1
1879	2
1	3
4883	4
309	6
2611	7
3720	8
1200	9
695	10
4919	11
7793	12
151	13
8713	14
4300	15
12	16
2331	17
2162	18
2505	20
2694	21
3452	22
2662	23
4731	24
1192	25
6661	26
5061	27
23	28
3701	29
6774	31
2359	32
2603	33
7676	34
1482	35
33	36
7341	37
8253	38
2453	39
44	40
4649	41
7881	44
7056	45
4706	46
8590	47
1883	48
2750	49
6929	50
6904	51
2807	53
4140	54
3696	55
54	56
8320	57
4951	58
1328	59
2200	60
2518	61
5989	62
4748	63
6228	64
4983	65
3334	66
65	67
7701	68
3375	69
2497	70
181	71
5491	73
1646	76
76	77
3379	78
78	79
1084	80
7677	81
6957	82
3712	83
5336	84
4778	85
5343	86
8425	87
88	89
2987	90
5763	91
2647	92
2060	93
2760	94
6663	95
7773	96
90	97
7916	98
340	99
1366	100
100	101
4800	102
512	103
1899	104
1780	105
4043	107
291	108
2659	110
6958	111
748	112
8281	113
7422	114
111	115
7695	116
349	117
3685	118
5056	120
4578	121
5000	122
6893	123
7101	124
122	125
8569	127
2089	128
2251	129
5446	130
4010	131
5893	132
1351	133
133	134
3249	135
3003	136
1278	137
1841	138
135	139
1716	140
6842	141
4482	142
3064	143
3179	144
255	145
2846	147
873	148
3911	149
6489	150
2219	151
4907	152
146	153
772	154
4629	156
1022	157
1544	158
157	159
6803	160
4668	161
258	162
1438	163
6120	165
4315	167
6993	168
926	169
167	170
2149	171
1016	173
1470	175
5199	176
177	178
5734	181
8728	182
2409	184
6035	186
7553	187
8832	188
5971	189
460	190
4866	191
8589	192
188	193
1153	194
3248	195
4608	196
1773	197
8495	198
760	199
2195	200
199	201
2963	203
542	204
5524	205
4406	206
750	207
7203	208
4183	209
3598	210
1428	211
210	212
6544	213
5873	214
472	215
3907	216
6160	217
2354	219
4552	220
2711	221
385	222
204	223
1387	224
1927	225
2440	226
375	227
615	228
221	229
2108	230
1379	231
3265	232
1357	233
5801	234
598	235
5902	236
232	237
152	239
674	240
8130	241
5958	243
242	244
6229	245
3815	246
2579	247
1030	248
8006	249
3552	250
83	251
6875	253
998	254
8643	255
253	256
6948	257
2485	258
7598	259
2545	260
2480	261
559	262
262	263
6222	264
7851	265
4287	266
658	267
1628	268
7928	269
6995	270
7601	271
855	272
2206	273
2044	274
2749	275
271	276
1901	277
2199	278
192	279
2300	280
693	281
282	283
4938	284
491	285
7212	286
5120	287
5931	288
8456	289
5663	290
8504	292
419	293
902	294
8170	296
203	297
2212	298
404	299
1931	300
1555	301
301	302
6560	303
3080	304
1439	305
7330	306
2551	307
402	308
2684	309
307	310
2	311
2161	312
1122	313
3274	314
829	315
2051	316
6034	317
7458	318
963	319
318	320
4995	321
1274	322
1045	323
1657	324
2479	325
5937	326
5191	327
2965	328
4237	329
4583	330
4636	331
329	332
788	334
1533	337
7463	339
8532	340
1360	341
4565	342
1134	343
3007	344
5627	345
703	346
6696	347
6027	349
2852	350
350	351
4470	352
352	353
7853	355
2815	356
898	357
2516	358
2464	359
2094	360
6080	362
7494	363
4415	364
1282	365
1315	366
363	367
7310	368
2723	369
2861	370
6287	371
733	372
8550	373
1150	374
374	375
2396	376
1556	377
7673	378
4516	379
8231	380
1405	381
3966	382
6692	383
8114	384
1441	385
861	386
815	387
1363	388
1003	389
1865	390
222	391
2150	392
391	393
2370	394
2027	395
5001	396
3291	397
395	398
265	399
1268	400
6426	401
1474	402
6301	403
7336	404
403	405
5384	406
3632	407
3203	408
899	409
1127	411
8016	412
411	413
4161	414
8023	415
3131	416
2473	417
4542	418
3811	419
160	420
6956	421
3045	422
421	423
8005	424
2717	425
627	427
4036	428
3521	429
5957	431
8467	432
5538	433
432	434
7077	435
1125	436
5234	437
3517	438
1029	439
1858	440
2888	442
442	443
1798	444
1490	446
775	448
4234	450
5601	451
102	452
5440	453
451	454
1309	456
2000	457
3004	458
4505	459
4544	460
14	461
1137	462
4693	463
462	464
409	465
4375	469
7350	470
6341	471
5682	472
944	473
235	474
3190	475
1764	476
1098	477
7931	478
6032	479
1116	480
888	481
2460	482
482	483
6527	484
2555	485
3098	486
825	487
2166	488
4591	490
3047	491
7974	492
2921	493
834	494
2500	495
2314	496
774	497
7122	498
7711	499
986	500
1664	501
2445	502
851	503
501	504
2046	505
5713	506
1779	507
2600	508
4121	509
5641	510
1758	511
550	514
1187	516
5425	517
5187	519
7113	520
1108	522
1172	523
5730	524
2982	525
257	526
7880	527
522	528
6888	530
5509	531
531	532
1103	534
710	535
2192	536
8526	537
3188	539
357	540
8666	541
2022	542
541	543
5702	544
4928	545
544	546
1301	547
2119	548
5085	549
6732	550
7977	551
8390	552
3819	554
7678	555
8387	556
48	558
3324	559
689	560
94	561
8795	562
161	563
8606	564
292	565
5020	566
3343	567
877	569
1595	570
5576	571
662	572
5773	574
231	575
4432	577
5418	580
4118	581
2438	582
582	583
1415	584
4468	585
6887	586
8282	587
6201	588
1114	590
412	591
5105	593
593	594
4587	595
583	597
3611	598
647	599
35	600
6673	602
2985	603
603	604
2036	605
8801	606
849	607
666	609
7293	610
8753	611
1692	612
1842	613
2114	614
1213	615
613	616
2819	617
8816	619
4297	620
3215	621
5522	622
1983	623
5775	624
623	625
7645	626
8152	627
2571	628
1593	629
1069	630
6031	632
1511	633
4971	634
820	635
4313	636
2558	637
632	638
1952	639
2973	640
1641	641
5635	642
642	643
735	644
644	645
6834	646
3711	647
942	648
787	649
2645	650
1874	651
1246	652
3262	653
479	654
4930	655
656	657
1457	658
575	659
2252	660
2427	661
3658	663
1994	666
1989	667
3278	669
1317	670
2403	671
843	672
687	673
3490	674
2612	675
1728	676
467	677
8544	678
8528	679
279	680
532	681
8473	683
682	684
4991	686
3126	687
1381	688
227	689
810	690
7413	691
8141	692
5313	693
1980	694
6161	695
698	696
2580	697
699	698
845	699
2692	700
6675	701
124	702
2312	704
4011	705
3052	706
3941	707
4551	709
64	710
7483	711
711	712
7207	713
7637	714
813	715
4904	716
6546	717
8336	718
492	719
1843	720
721	722
6850	723
2755	724
943	725
1671	726
1344	727
105	730
4758	731
1070	732
6355	733
342	734
1352	735
7824	736
6480	737
2327	738
3614	739
740	741
7924	742
1312	743
2288	744
1481	745
4004	746
1066	747
4931	748
11	749
1284	750
1258	751
6049	752
1736	753
1435	756
755	757
6655	758
7764	762
5543	763
2143	764
5922	765
5527	766
3184	767
1521	768
3073	769
5294	770
8004	772
6356	773
2301	774
6465	776
4541	777
3438	778
3290	779
2773	780
980	781
6745	783
3338	784
1076	785
2850	786
785	787
2685	788
5262	789
3436	790
1666	791
1677	792
1997	793
7877	794
8421	795
2826	796
4811	797
1744	798
797	799
4309	801
7606	802
7697	803
2469	804
1199	808
3205	809
1094	810
624	811
7534	812
3173	813
4784	814
1747	816
7276	817
816	818
6009	819
217	820
2038	822
746	823
953	824
2584	825
4208	826
7907	827
827	828
8831	829
7582	830
6152	831
3663	832
1846	835
3472	836
3791	838
269	839
7234	840
6269	841
717	842
1588	843
81	844
4496	847
4031	848
8025	849
1036	850
4969	851
7861	853
386	854
1216	855
853	856
4554	857
857	858
5250	859
2719	860
3199	861
3553	862
3497	863
6211	864
1709	865
1493	866
866	867
3100	868
6424	869
2644	870
3408	871
3519	872
6015	873
173	874
6846	875
2102	877
3559	878
2099	879
1475	880
6599	883
2004	884
1687	885
1891	886
1614	888
2561	889
4173	890
3258	891
4640	892
7821	893
3818	895
6488	896
285	897
6665	899
6299	900
7799	901
3479	902
5466	903
3120	904
2512	906
1941	907
907	908
7339	912
5612	913
4546	914
914	915
780	916
5676	917
5467	918
916	919
7332	920
6320	921
2657	922
8378	923
121	924
2546	925
6478	926
8428	927
3059	928
7703	930
1813	931
148	934
8160	935
3998	936
3967	937
51	938
936	939
4163	940
8332	942
8542	943
1397	944
5725	945
5479	946
946	947
3516	948
6491	949
6383	950
1121	951
4027	952
4889	953
8718	954
2986	955
584	956
692	957
952	958
1392	959
2267	960
7342	961
8409	963
2384	964
2956	965
2205	966
7624	967
3197	969
1768	970
1335	971
972	973
1501	974
6351	975
2900	976
2040	977
5281	978
979	980
355	981
5119	983
6859	984
1306	985
2376	986
2535	987
1609	988
989	990
49	991
2281	993
2155	994
529	996
4562	997
5728	998
392	999
747	1000
3116	1001
1142	1002
5471	1003
4555	1004
7106	1005
8740	1006
5367	1007
1007	1008
6612	1009
10	1010
8174	1011
2139	1012
3464	1013
3096	1016
1433	1017
5373	1018
622	1019
230	1020
2349	1021
7311	1022
2578	1023
551	1025
1532	1026
7802	1027
6923	1028
3612	1029
4717	1030
46	1031
7231	1033
4374	1034
3915	1035
2729	1036
4806	1037
6503	1038
8052	1040
8211	1042
4123	1044
1043	1045
3496	1046
6604	1047
6187	1048
8143	1049
4624	1050
7521	1051
4290	1052
1052	1053
1809	1054
6630	1055
1440	1056
1055	1057
8598	1058
5510	1059
7049	1060
106	1063
8404	1064
1063	1065
5282	1066
7705	1067
3413	1068
2322	1069
4225	1070
2182	1071
2586	1072
2240	1073
207	1074
6148	1075
1074	1076
3837	1077
8697	1078
5721	1079
7698	1080
536	1081
4519	1084
4480	1085
984	1087
1820	1088
224	1089
4267	1090
5891	1091
8268	1092
1092	1093
5087	1094
1996	1095
4594	1096
1096	1097
8136	1098
5672	1099
6813	1102
6230	1103
805	1104
276	1105
6864	1106
6170	1107
3575	1108
476	1109
8070	1110
1808	1111
901	1112
2118	1113
226	1114
136	1115
6664	1116
5157	1118
1520	1119
2541	1120
8388	1121
2710	1122
1816	1123
5207	1124
3594	1125
1188	1126
7558	1129
6563	1130
3329	1131
3113	1132
275	1133
7915	1134
2067	1135
2938	1136
6770	1137
2658	1138
3402	1139
2413	1140
4035	1141
6114	1142
2910	1144
1186	1146
1146	1147
1194	1148
4229	1149
4244	1150
3993	1151
1880	1152
1971	1153
1672	1154
366	1155
770	1156
3641	1157
3608	1159
4410	1160
1073	1161
6617	1162
773	1163
1377	1164
7254	1165
6238	1166
1160	1167
2377	1168
921	1170
1171	1172
592	1173
6558	1174
1320	1176
1376	1180
1180	1181
3175	1184
2713	1185
7614	1186
2796	1187
1732	1188
4176	1189
6945	1190
6138	1191
8278	1192
3031	1193
3127	1196
1975	1197
7912	1198
2531	1199
6532	1200
1198	1201
268	1204
4509	1206
2693	1207
1205	1208
5766	1209
1332	1211
1211	1212
1704	1213
3785	1214
2360	1215
8531	1216
7945	1217
2173	1218
108	1219
3489	1220
5629	1221
3777	1222
1221	1223
7989	1224
3213	1225
2882	1226
6261	1227
1218	1229
7102	1231
4864	1234
875	1235
1234	1236
1542	1237
7286	1238
7236	1239
2577	1240
4987	1241
1240	1242
2663	1243
5083	1244
8451	1246
8383	1247
5586	1248
1248	1249
2841	1250
7863	1251
7811	1252
2786	1253
2604	1254
6444	1255
2697	1256
2818	1257
2009	1258
5376	1259
6464	1260
8259	1261
3870	1263
2696	1264
2672	1265
7389	1266
7991	1267
56	1268
1266	1269
8758	1270
7335	1271
2751	1272
1431	1275
2528	1276
1823	1277
2677	1278
958	1279
3033	1280
5948	1281
4281	1285
1573	1286
1286	1287
4952	1297
1615	1298
1297	1299
3209	1300
3680	1301
1857	1302
7933	1303
2911	1304
1991	1305
32	1306
7649	1307
3873	1308
1307	1309
6794	1311
4646	1312
5767	1313
7685	1314
4466	1316
2365	1317
3156	1318
897	1319
278	1320
1829	1321
8587	1322
8633	1323
7084	1324
6373	1325
1325	1326
6092	1328
4959	1329
6126	1330
1161	1331
2868	1334
420	1335
2264	1336
1035	1339
1837	1340
8741	1341
6387	1343
5847	1345
1460	1346
2421	1347
6020	1348
2698	1350
4128	1351
429	1352
8824	1353
5869	1355
5777	1356
2272	1357
2397	1359
7347	1361
4440	1362
1831	1363
1855	1364
2563	1365
15	1366
3151	1367
3881	1368
6788	1369
7737	1370
2433	1371
2344	1372
6637	1373
4448	1374
2597	1375
8689	1376
1374	1377
4829	1379
1500	1382
1585	1383
1859	1384
1383	1385
1454	1386
1887	1387
4718	1388
3605	1390
2263	1391
5412	1392
3788	1393
4910	1396
4223	1397
3042	1398
2080	1400
8692	1401
2428	1402
1403	1404
2422	1405
1071	1407
3877	1408
8342	1409
2791	1410
1409	1411
446	1412
274	1415
3208	1416
7118	1418
1418	1419
2944	1420
2999	1421
5193	1422
1422	1423
3250	1424
6775	1425
2801	1426
6841	1427
6003	1429
3954	1430
1690	1431
5603	1432
3277	1433
7884	1434
4869	1435
2643	1436
4092	1437
5861	1438
4690	1439
5069	1440
2896	1441
4737	1442
752	1443
4738	1444
1444	1445
8805	1446
6330	1447
2415	1450
1836	1452
1391	1453
8249	1454
1870	1455
4609	1456
305	1457
1977	1458
6202	1459
2332	1461
2715	1462
1359	1464
3287	1465
5008	1466
5724	1467
7939	1468
1468	1469
519	1470
3676	1471
6417	1472
2345	1473
6782	1474
5846	1475
5514	1476
7240	1477
3752	1478
8707	1479
6726	1480
7242	1481
4741	1482
2456	1483
8644	1484
2860	1485
283	1486
6190	1487
1434	1488
2138	1489
6113	1490
5129	1491
4920	1492
6900	1493
1491	1494
6585	1498
6435	1499
4055	1500
660	1501
1023	1503
3241	1504
7449	1505
1505	1506
1735	1509
6336	1510
4050	1511
8173	1513
1513	1514
96	1515
1355	1516
5841	1517
4566	1518
8012	1519
4100	1520
5949	1521
4729	1523
985	1524
3344	1525
4120	1526
5498	1527
8097	1528
1872	1530
4666	1531
8647	1532
3339	1533
1636	1534
3593	1535
113	1536
445	1537
2820	1538
3757	1539
7770	1540
2275	1541
1575	1542
4669	1543
4840	1544
5743	1546
1545	1547
1937	1548
5545	1549
8030	1550
2526	1551
393	1552
3102	1553
8287	1555
5473	1556
5706	1558
3510	1559
1390	1560
7890	1564
1564	1565
4111	1566
2444	1567
2353	1568
6564	1571
6581	1572
1777	1573
1572	1574
994	1576
4687	1577
2496	1578
4777	1579
6155	1580
1565	1581
822	1582
8262	1583
1350	1584
7191	1585
3697	1586
5038	1588
459	1589
5480	1590
8341	1591
5051	1593
6971	1594
2447	1595
1214	1596
1517	1597
110	1598
7864	1599
1021	1600
2305	1601
339	1602
701	1603
5628	1604
1429	1605
7381	1606
2714	1607
5243	1608
5086	1609
525	1610
1077	1611
241	1612
84	1613
1365	1614
7746	1615
3181	1617
4334	1618
1618	1619
356	1620
1245	1621
1679	1622
3957	1623
7116	1624
694	1625
8540	1626
1626	1627
6173	1628
1599	1629
8726	1630
8119	1631
563	1632
13	1633
5673	1634
4506	1635
2977	1638
842	1640
2484	1641
3621	1642
4391	1643
8441	1646
4222	1647
2626	1648
6408	1649
948	1650
3154	1651
1652	1653
3307	1654
3211	1655
228	1656
6989	1657
633	1658
5104	1659
1159	1660
7566	1661
6239	1663
1662	1664
1933	1665
7209	1666
524	1668
1667	1669
2085	1670
1577	1671
7814	1672
8046	1673
468	1674
2146	1675
2547	1676
2648	1677
1676	1678
6339	1679
4079	1682
3744	1683
3035	1684
6079	1685
5133	1686
197	1688
1000	1690
5503	1692
6105	1693
6934	1694
389	1695
4584	1697
2522	1698
1314	1699
2593	1700
4695	1701
5461	1702
7943	1703
783	1704
2257	1706
4713	1707
5413	1708
7345	1710
250	1712
312	1714
4317	1715
3108	1716
705	1717
2653	1718
8808	1719
2915	1721
77	1723
1006	1724
7524	1725
1358	1726
272	1727
6200	1728
3164	1729
3135	1730
2548	1732
5677	1734
4070	1736
5472	1737
962	1738
3117	1739
3157	1741
2878	1742
1741	1743
8048	1744
4146	1745
1348	1747
5465	1750
7976	1751
1751	1752
1762	1753
2536	1754
2905	1755
3112	1756
4028	1757
4772	1758
6204	1759
1759	1760
5582	1762
6347	1767
8652	1768
8642	1770
7689	1771
1769	1772
3314	1773
4034	1774
6366	1775
5659	1776
1458	1777
1959	1778
765	1779
2132	1780
39	1781
590	1784
433	1785
2047	1786
7600	1787
319	1788
1786	1789
4370	1791
6163	1792
5918	1793
7602	1794
1425	1796
977	1797
2676	1798
2109	1799
5264	1800
34	1801
6014	1802
86	1803
2467	1804
534	1805
5532	1806
3976	1807
7248	1808
2337	1809
2525	1810
2983	1811
619	1812
6762	1813
7346	1814
7895	1815
6143	1816
4203	1817
5842	1818
1875	1819
3251	1820
4103	1821
1330	1823
7045	1824
8649	1825
4960	1826
4568	1827
2608	1829
1979	1830
8485	1831
2669	1832
3928	1833
196	1834
1568	1835
3419	1836
2639	1838
6999	1840
1849	1841
2230	1842
3189	1843
1844	1845
5142	1846
3743	1847
379	1848
4288	1849
5703	1851
1217	1852
3762	1853
5571	1854
2488	1855
795	1856
3536	1857
932	1858
8703	1861
3046	1862
6116	1864
7171	1865
1863	1866
6908	1867
690	1868
5850	1869
4795	1870
949	1872
3729	1873
6538	1874
7333	1875
1311	1878
2964	1879
7134	1880
1648	1881
3539	1882
1976	1883
1881	1884
2625	1885
913	1886
1612	1887
7057	1888
1888	1889
891	1890
5657	1891
2655	1892
7960	1894
3118	1895
4351	1898
1897	1899
6654	1900
3700	1901
2129	1902
2284	1903
1948	1904
1905	1906
5558	1907
1347	1908
6776	1910
394	1911
4891	1912
5789	1913
1487	1914
6472	1915
1915	1916
8723	1918
3217	1919
1918	1920
1776	1921
4789	1922
72	1923
3281	1924
109	1925
3082	1926
7836	1927
4887	1928
5030	1929
1929	1930
1835	1932
4463	1933
1110	1934
4968	1935
3360	1936
5977	1937
4780	1938
388	1940
2015	1941
2233	1943
5875	1945
1944	1946
6684	1947
4400	1948
5867	1950
629	1951
4278	1952
1543	1953
3163	1955
5838	1957
8632	1958
3564	1959
6045	1960
4114	1962
4689	1964
7069	1965
6871	1966
1966	1967
1819	1968
5432	1970
5483	1971
2845	1972
2534	1973
4942	1974
8078	1975
4271	1976
7	1979
8123	1981
1981	1982
7914	1984
8844	1986
839	1987
6982	1988
2135	1989
7078	1990
1654	1991
5797	1992
1908	1994
858	1995
91	1998
7662	1999
4045	2000
581	2001
2849	2002
2002	2003
3364	2004
1794	2006
7593	2007
4939	2009
7621	2010
2825	2011
8434	2012
5209	2013
4522	2014
7365	2018
2587	2020
2917	2022
123	2023
1476	2024
3178	2025
4065	2026
1890	2027
2024	2028
6053	2029
126	2031
8571	2032
3912	2035
3253	2036
4325	2037
1739	2038
2039	2040
2689	2041
2041	2042
7229	2043
7110	2044
4877	2046
4328	2047
186	2048
4574	2049
743	2050
7642	2051
4779	2052
2282	2054
2159	2055
300	2056
5504	2057
2295	2059
4580	2060
8743	2061
2859	2062
8685	2063
37	2064
2064	2065
2214	2066
2881	2067
8514	2069
523	2070
4110	2071
3180	2072
5607	2073
2073	2074
3735	2075
7585	2076
3123	2077
4996	2080
1566	2082
4767	2083
5323	2084
438	2085
1597	2088
2057	2089
4214	2091
6438	2092
115	2093
5321	2094
378	2095
2095	2096
2481	2097
8787	2098
7426	2100
8107	2101
98	2102
351	2103
3990	2104
767	2105
1308	2106
2103	2107
2249	2108
4603	2109
2857	2110
3679	2112
5927	2113
320	2114
5423	2115
3513	2116
2158	2117
2117	2118
2550	2121
97	2122
6281	2124
1157	2125
213	2126
1368	2128
3371	2129
4248	2130
2130	2131
2113	2132
2439	2133
441	2134
5311	2136
2313	2137
3713	2138
2310	2139
3129	2140
2824	2141
1313	2142
293	2146
2381	2149
4170	2151
3659	2152
3571	2154
3195	2156
2394	2157
1510	2158
3266	2160
4113	2161
515	2163
8420	2164
6690	2165
1498	2166
2144	2169
57	2170
1625	2171
273	2172
2754	2173
3310	2174
8360	2175
2179	2176
7165	2177
558	2178
7091	2179
3138	2180
5059	2181
8375	2182
3071	2183
7719	2184
5368	2185
2908	2186
4916	2187
3359	2188
2187	2189
2700	2191
2297	2192
4380	2193
7661	2194
4979	2197
6093	2199
7152	2200
1364	2202
7950	2203
7484	2204
1079	2205
6734	2207
6208	2208
7968	2209
2023	2210
4796	2211
1162	2213
5162	2215
3891	2217
2217	2218
3069	2219
2450	2220
2220	2221
4921	2222
7465	2223
4119	2224
2726	2225
5429	2226
2226	2227
2221	2228
2466	2229
6139	2230
2454	2231
572	2233
8596	2235
2235	2236
2808	2237
8179	2239
4501	2240
6179	2241
8591	2242
2242	2243
29	2244
2355	2245
1961	2246
6065	2247
6808	2248
1778	2249
2013	2250
2250	2251
5496	2252
2524	2253
7655	2254
1552	2255
8687	2256
2703	2258
1388	2259
3177	2260
2912	2261
591	2262
7650	2264
927	2265
2734	2266
1144	2267
1563	2268
2459	2269
2056	2270
2350	2271
895	2272
2770	2274
3269	2275
4085	2276
3272	2277
4179	2278
7028	2279
8720	2280
8556	2281
5930	2282
471	2283
3549	2284
7604	2285
5624	2286
1106	2287
8180	2289
504	2290
3066	2292
4611	2293
7992	2294
3202	2295
4643	2296
6736	2298
3872	2299
1329	2300
1894	2301
4604	2303
3994	2304
24	2306
8088	2307
2990	2308
3284	2309
961	2310
2646	2311
444	2312
8530	2314
6925	2315
5042	2316
1252	2317
1097	2320
4461	2321
2320	2322
8543	2323
2494	2324
5421	2325
3005	2326
4569	2327
8042	2328
5770	2329
3616	2330
6741	2333
6715	2334
6539	2335
1129	2336
6629	2337
2594	2338
371	2339
154	2340
3568	2341
4570	2342
2618	2344
95	2346
4459	2347
8825	2349
4650	2350
734	2351
4291	2352
7297	2355
2631	2356
2752	2358
4975	2359
8064	2361
387	2362
3019	2363
6059	2364
8493	2366
4766	2367
3874	2368
209	2369
4109	2370
6582	2371
8325	2372
2372	2373
5549	2374
2374	2375
7532	2376
3520	2377
6890	2379
3736	2382
1960	2383
677	2384
1082	2385
4724	2386
2704	2387
7051	2388
7036	2390
2390	2391
2566	2393
3742	2394
5227	2395
2265	2397
2342	2399
4005	2400
2690	2401
2194	2402
2209	2404
3263	2405
2434	2406
6587	2409
2410	2411
6646	2413
4644	2414
117	2415
3884	2416
7530	2417
2417	2418
6598	2420
3091	2422
5035	2423
6023	2424
688	2425
4613	2426
2426	2427
1478	2428
1547	2429
1109	2430
3665	2431
3566	2432
6342	2433
5500	2434
1840	2435
1731	2436
978	2440
6285	2441
8319	2446
2171	2447
2636	2451
38	2452
731	2453
2490	2455
8269	2456
6414	2457
4754	2458
3569	2459
8651	2460
4158	2461
5941	2462
219	2463
5444	2464
1231	2465
5427	2468
1606	2470
5392	2471
2471	2472
2678	2473
5588	2476
3191	2477
205	2478
6561	2479
1519	2480
1805	2481
8318	2483
431	2484
2033	2485
4366	2487
8656	2488
8398	2491
6711	2493
4539	2494
4465	2495
8339	2496
798	2497
8232	2499
2499	2500
416	2502
8074	2506
7343	2508
2510	2511
5455	2512
2515	2516
5497	2520
7750	2521
4063	2522
8343	2523
2523	2524
8129	2525
7328	2526
3097	2528
7995	2529
6439	2530
4595	2531
3971	2533
5233	2534
156	2535
8264	2538
2540	2541
4047	2542
6146	2543
5082	2544
1128	2546
2730	2547
8040	2548
58	2551
2416	2552
1356	2553
8580	2556
2893	2557
668	2558
384	2559
7461	2560
1791	2562
2666	2563
508	2564
6454	2565
5228	2568
5230	2569
5403	2571
6344	2572
2573	2574
4804	2575
7830	2576
8140	2577
6676	2578
4918	2582
2630	2583
3565	2584
1269	2585
8436	2586
923	2588
7900	2590
610	2593
8630	2595
5398	2599
7114	2600
6701	2601
1107	2602
8584	2603
8829	2604
8653	2605
5307	2606
7591	2607
3041	2608
297	2609
5244	2610
3393	2612
3719	2613
6249	2614
3728	2615
3796	2616
3236	2617
2928	2620
2961	2622
5499	2623
1233	2624
22	2627
6533	2628
3261	2630
973	2631
3861	2632
4648	2633
2728	2634
4308	2635
3321	2636
2948	2638
8028	2639
1353	2640
327	2642
3689	2643
408	2644
5487	2645
5696	2646
3702	2648
1331	2649
93	2650
6541	2653
6729	2654
3384	2655
4685	2656
6291	2657
5785	2658
4143	2660
2343	2661
3989	2662
1895	2663
4265	2664
5422	2667
3081	2668
5817	2671
3187	2672
5870	2673
1734	2674
8791	2675
8619	2676
4057	2677
6419	2679
6108	2680
8459	2681
3224	2684
8487	2685
8663	2686
3260	2687
4125	2689
7296	2694
155	2695
1280	2696
2802	2697
4268	2699
4890	2700
5660	2706
975	2707
5665	2708
819	2709
4701	2711
5013	2712
8617	2713
6514	2717
8394	2718
8312	2719
3638	2720
6570	2721
7306	2722
4947	2723
7399	2724
2724	2725
6272	2726
5604	2727
1151	2728
8489	2729
8413	2730
4714	2732
6315	2733
6930	2735
7432	2736
3143	2737
6361	2738
4805	2739
1512	2740
4914	2741
4586	2742
3018	2743
3275	2745
1013	2746
4534	2748
1623	2749
1087	2750
246	2751
4426	2752
79	2754
4002	2755
5216	2756
6717	2759
6856	2760
6508	2761
2761	2762
1285	2763
2491	2768
929	2769
5757	2770
6233	2774
2590	2775
8820	2777
3823	2778
2778	2779
7064	2780
5379	2781
7239	2782
7956	2785
7611	2786
2576	2787
3879	2788
143	2789
383	2791
935	2792
3626	2794
1054	2795
4104	2796
2939	2798
5654	2800
3367	2802
1549	2803
3741	2805
5364	2806
4245	2807
4019	2811
2812	2813
1527	2814
2816	2817
2411	2818
8432	2819
1788	2821
2972	2822
6227	2823
3165	2824
3493	2826
225	2827
8050	2831
2833	2832
8559	2834
1118	2835
2368	2838
3043	2839
2839	2840
4776	2845
7510	2846
862	2847
5215	2849
6695	2851
4284	2852
5679	2853
1757	2854
2656	2855
2165	2856
6109	2857
7103	2858
2025	2860
3973	2861
8439	2862
7126	2863
8603	2866
7636	2868
4694	2869
4704	2870
4545	2871
2278	2872
4520	2874
5080	2875
3194	2876
1825	2877
6052	2878
2753	2879
1400	2881
8766	2882
1942	2884
7586	2885
2887	2888
7862	2889
8700	2890
4042	2893
1710	2894
2019	2896
7543	2897
2236	2898
7206	2899
5064	2901
2813	2902
4376	2903
3109	2904
4134	2905
2906	2907
2237	2910
3328	2911
2866	2912
5482	2913
7957	2914
6602	2916
7657	2917
7563	2918
3522	2919
5645	2920
2311	2922
643	2923
4397	2924
2806	2925
2926	2927
2145	2929
1965	2932
4874	2933
1923	2935
580	2936
3806	2937
3813	2938
757	2940
5248	2941
836	2942
5408	2944
5970	2949
8090	2950
4014	2951
3474	2955
6028	2957
1982	2958
5302	2960
8423	2962
4633	2964
657	2965
474	2967
5045	2970
8062	2971
1062	2972
2408	2976
2299	2977
8181	2979
2980	2981
7753	2982
8191	2983
6852	2984
6534	2986
4340	2987
8146	2988
5438	2990
184	2991
2154	2992
4003	2993
6672	2994
220	2995
4825	2996
280	3002
5917	3004
5213	3005
4212	3007
6583	3008
3770	3012
2356	3013
6590	3014
7471	3015
4567	3016
2822	3017
8225	3018
6658	3019
6125	3020
6575	3024
586	3029
5350	3031
3094	3032
8438	3033
1322	3035
6917	3036
671	3037
7403	3038
3286	3039
6740	3040
2495	3041
1598	3042
6144	3044
6513	3045
5118	3048
3048	3049
3050	3051
2727	3052
7088	3053
6054	3054
6737	3057
2446	3060
844	3061
5954	3063
3063	3064
2958	3066
6127	3067
8575	3068
4790	3070
3369	3071
6509	3072
1452	3074
1524	3076
7149	3078
1782	3079
3079	3080
5594	3081
7202	3082
2674	3083
8775	3084
7961	3085
3087	3088
3239	3089
7147	3091
358	3093
3416	3094
5	3095
3405	3097
3170	3100
3101	3102
6626	3103
3723	3106
4090	3110
140	3111
8289	3113
8045	3115
3037	3116
7179	3117
7826	3118
3238	3119
7146	3120
6268	3121
4343	3122
5550	3125
7148	3127
359	3129
2572	3131
5810	3132
7013	3133
7644	3134
3136	3137
4808	3138
8736	3139
5895	3140
7938	3143
4697	3144
4656	3145
7768	3147
2470	3148
4898	3150
6793	3151
2837	3152
6707	3153
6259	3154
2931	3155
2968	3157
3051	3158
1232	3159
4417	3160
4467	3161
2901	3162
7263	3163
2552	3167
1643	3169
3351	3170
6748	3172
3500	3174
8821	3175
6037	3176
4802	3178
6765	3182
7610	3184
4878	3185
3186	3187
8254	3191
5054	3195
1761	3196
8717	3197
7414	3198
5710	3200
6961	3201
6348	3202
2890	3203
2014	3204
6189	3205
5132	3206
8512	3208
8419	3209
2615	3212
6471	3213
8761	3214
521	3215
107	3219
863	3221
3222	3223
8503	3225
4419	3227
3855	3228
4395	3229
3229	3230
119	3232
5242	3233
7356	3235
1885	3236
4024	3237
7704	3240
4502	3243
4277	3244
2575	3245
5906	3247
3362	3248
7141	3250
547	3251
5217	3252
3254	3255
2090	3256
8659	3258
7163	3260
3294	3262
6909	3263
509	3264
3491	3265
8711	3267
801	3268
7731	3269
1621	3270
5002	3273
7656	3274
7400	3276
7289	3278
5300	3279
2328	3281
3782	3282
198	3283
256	3286
6176	3287
4899	3288
8223	3291
7930	3293
6643	3294
3445	3295
377	3296
4953	3298
3301	3302
6087	3305
418	3306
2211	3308
7319	3310
4696	3313
3892	3314
8258	3315
1668	3316
3068	3317
5732	3318
4262	3319
736	3320
7810	3321
8755	3325
5404	3326
4632	3328
6796	3329
2379	3330
4389	3331
5116	3332
5433	3333
4672	3334
2933	3335
8314	3336
7520	3339
7192	3340
3454	3341
7978	3342
5887	3343
2018	3344
7984	3347
5272	3348
251	3349
7445	3350
8194	3351
7416	3353
8586	3357
7876	3358
7526	3359
3657	3360
1913	3361
2341	3364
5636	3368
6965	3369
6653	3371
6802	3372
4048	3373
8533	3378
7174	3380
7848	3381
3662	3384
967	3385
7161	3390
4152	3391
2414	3392
1984	3396
8431	3397
8333	3402
903	3403
3276	3405
223	3408
3391	3410
5204	3412
841	3417
6174	3418
7169	3419
8299	3420
66	3421
6243	3427
5287	3429
7442	3430
6573	3431
8371	3434
639	3435
6807	3436
3412	3437
6954	3438
3514	3439
6135	3440
7249	3441
3749	3442
7189	3443
4368	3445
8368	3446
7549	3447
7360	3448
3914	3449
2279	3452
3201	3453
6362	3456
4965	3457
7559	3459
6	3461
5325	3463
6805	3464
900	3465
4056	3466
8369	3471
2782	3472
4	3473
104	3474
6153	3475
4719	3476
7105	3479
5619	3481
6709	3486
5985	3487
3838	3488
4495	3492
4116	3494
5205	3498
5806	3499
1202	3502
6447	3503
2959	3504
528	3505
7251	3507
8105	3510
7878	3519
3006	3520
2682	3521
206	3522
7176	3527
1445	3528
1934	3530
5521	3531
5783	3534
212	3535
5921	3536
6867	3537
5143	3538
5355	3539
4197	3540
2375	3541
1754	3543
5131	3544
208	3545
8402	3546
3848	3547
7166	3548
4698	3549
2635	3550
7966	3551
1361	3552
530	3556
5860	3557
7788	3558
7025	3559
585	3560
7320	3563
3303	3566
2429	3568
234	3569
7329	3572
4039	3575
5147	3576
543	3582
4655	3584
7245	3586
7109	3589
259	3592
2799	3593
4612	3594
1310	3597
6674	3604
1587	3605
6772	3606
8679	3608
7857	3609
3761	3611
277	3612
1810	3614
7597	3615
477	3616
1526	3618
20	3619
6106	3620
5830	3622
5511	3623
3333	3624
1064	3625
8448	3629
5266	3632
5211	3635
791	3636
5419	3638
4404	3639
6134	3640
298	3641
267	3642
304	3644
7904	3645
4659	3647
4954	3650
306	3652
7265	3653
2970	3654
7547	3655
8081	3656
337	3657
2037	3660
1515	3662
6516	3664
659	3665
3204	3668
7175	3669
165	3670
369	3671
2920	3672
4129	3675
8384	3676
4563	3677
4112	3679
1610	3680
3830	3682
6551	3683
2059	3684
7823	3686
382	3687
354	3688
7584	3690
8458	3691
3104	3692
8443	3697
8557	3700
461	3702
4455	3705
6938	3708
3760	3709
3859	3710
3057	3711
6166	3712
8430	3713
7763	3714
7942	3715
2679	3717
5610	3720
5012	3721
3453	3722
5828	3723
4762	3731
417	3732
4934	3733
2326	3734
2442	3735
2274	3739
4362	3740
3940	3741
800	3742
2316	3743
7653	3744
499	3746
4108	3747
2605	3748
1696	3749
8779	3758
883	3759
5009	3760
8322	3762
1089	3763
7133	3765
4249	3767
3716	3768
8546	3770
244	3774
5662	3775
7198	3776
7987	3779
2792	3781
8433	3782
1592	3784
8251	3785
8457	3786
6354	3787
1745	3789
1847	3790
8274	3791
676	3793
7882	3794
3299	3795
7769	3796
6518	3799
2610	3800
5874	3802
6117	3803
8667	3804
8496	3806
6066	3807
8424	3809
1586	3812
2072	3815
2210	3818
894	3819
7739	3825
8479	3827
5686	3833
8537	3836
7888	3837
326	3838
7035	3840
7437	3841
5253	3842
1839	3844
2953	3846
1785	3851
5883	3852
5135	3854
8059	3857
560	3858
8662	3859
567	3860
6051	3862
8242	3864
7431	3865
4585	3866
5236	3870
5866	3873
1974	3874
5631	3889
6618	3890
8776	3893
607	3896
616	3905
600	3909
6771	3911
5739	3917
1334	3919
2083	3920
454	3921
5005	3924
7982	3927
5490	3928
4145	3929
1530	3930
4821	3931
510	3932
1600	3934
6119	3936
495	3937
7318	3938
611	3946
5258	3952
4227	3954
4130	3965
7092	3967
5241	3969
7522	3972
683	3973
6622	3976
696	3978
725	3993
478	3996
5394	3999
4912	4002
5123	4005
5617	4006
2606	4009
2028	4011
739	4012
4841	4014
3750	4015
2863	4016
720	4018
1254	4023
6678	4025
5540	4026
737	4027
5878	4028
2562	4029
2624	4030
2213	4032
5053	4034
2971	4035
1230	4038
6411	4039
5182	4040
4280	4041
6970	4043
7407	4044
3196	4045
4200	4049
4434	4052
2058	4057
630	4058
803	4059
4181	4063
6328	4065
1945	4069
4243	4070
69	4071
5637	4074
802	4075
6641	4076
3939	4077
6262	4079
2835	4081
7287	4082
996	4087
5837	4088
2136	4089
5620	4090
2093	4092
3817	4093
5986	4097
6815	4107
4815	4115
5292	4116
5591	4119
5111	4123
7681	4125
6756	4126
7605	4131
2443	4136
824	4140
7617	4141
3395	4145
2351	4146
7353	4149
7370	4152
5411	4155
6026	4156
1209	4165
5701	4166
5296	4167
7066	4169
2061	4170
2803	4171
4803	4173
2975	4174
3821	4175
8353	4176
1373	4178
6284	4180
5671	4183
976	4185
3060	4200
3488	4206
1243	4207
2241	4208
6068	4211
8778	4214
4867	4217
6433	4220
6107	4223
5955	4224
1261	4225
8381	4226
3394	4228
8178	4230
1031	4234
4601	4236
832	4238
2844	4239
5094	4241
7372	4249
2110	4250
8128	4252
6192	4255
8645	4257
8100	4260
5925	4261
1113	4264
4359	4265
6136	4271
8750	4272
6872	4273
741	4274
7327	4277
7747	4278
2160	4281
3624	4282
6837	4286
4711	4288
8600	4289
8273	4291
4683	4295
1166	4299
6437	4300
7177	4303
1719	4308
8618	4315
1207	4316
7280	4317
4286	4319
5195	4322
7749	4326
8397	4331
4018	4332
4905	4333
1210	4336
3958	4341
3183	4346
6967	4350
4021	4358
7699	4360
7081	4362
1253	4365
7540	4373
8694	4380
5185	4381
7418	4382
3595	4384
6997	4385
7067	4389
1300	4391
4941	4392
3292	4394
6089	4395
7448	4397
8270	4404
8344	4411
2483	4413
3695	4420
7151	4424
7197	4427
4428	4429
3668	4431
5967	4434
4016	4436
1337	4437
4087	4446
6333	4447
5575	4451
5932	4455
2455	4457
2918	4465
3972	4468
7238	4473
450	4474
3308	4475
1386	4476
5976	4479
1413	4485
8471	4489
1430	4497
7002	4499
3346	4501
2431	4503
5854	4506
6245	4507
7803	4508
3001	4512
8565	4519
2115	4522
1227	4523
5156	4529
6526	4542
1499	4544
7281	4548
2016	4549
3567	4553
5406	4554
7529	4558
1877	4560
4157	4562
7199	4565
6212	4569
4597	4573
6511	4575
8113	4576
2131	4579
3304	4583
1708	4584
8034	4585
4001	4589
3786	4590
6588	4591
3414	4597
5809	4602
5028	4608
7515	4609
8257	4622
7806	4625
8157	4626
8838	4627
1627	4628
1642	4629
3545	4632
4316	4634
6708	4635
1649	4637
1653	4638
3210	4639
1663	4642
7554	4650
4852	4652
1686	4654
1659	4655
1999	4658
3660	4661
5615	4663
7831	4670
2404	4673
4675	4676
4446	4678
7315	4683
5644	4684
5876	4685
1755	4691
6429	4696
2766	4702
2743	4704
3243	4721
6235	4737
7071	4741
4133	4745
8391	4747
5231	4748
8611	4749
2858	4754
7819	4760
5966	4764
2589	4773
1851	4774
7805	4781
2588	4782
7755	4786
3995	4790
2514	4796
4966	4808
7201	4811
5556	4813
8327	4815
6657	4816
3460	4818
7397	4820
2686	4821
5691	4823
7844	4833
5914	4840
8351	4841
4674	4843
1957	4844
4303	4847
7476	4851
3810	4852
2007	4854
5458	4863
5044	4864
6466	4865
5546	4866
2020	4872
7832	4877
2026	4880
1784	4881
7455	4889
3216	4899
7517	4900
4820	4901
2100	4905
7361	4907
2101	4908
6566	4911
4756	4914
6413	4915
1963	4917
5903	4920
8134	4938
7275	4941
5309	4952
2043	4958
4228	4981
4299	4984
2969	4987
3415	4989
2227	4990
8412	4995
5067	4997
8494	5002
8247	5009
7357	5011
2122	5017
4407	5018
4527	5019
8640	5030
3809	5033
2319	5038
3399	5040
2330	5052
2591	5055
8612	5061
7213	5083
5060	5084
3423	5086
4515	5099
5781	5100
2340	5107
4641	5115
3078	5117
7378	5120
2441	5130
2472	5131
7193	5133
2521	5139
2671	5148
4097	5152
3734	5161
2184	5162
3443	5168
2543	5175
6224	5184
6693	5186
2549	5187
7376	5191
7068	5195
6430	5196
6258	5198
5198	5199
7456	5200
2309	5201
7669	5202
7713	5205
8350	5207
6919	5225
5794	5227
8396	5229
7235	5236
7246	5239
8106	5242
4349	5243
6953	5249
2738	5253
1462	5256
8527	5259
8564	5260
4345	5262
8450	5266
2739	5268
3430	5270
2688	5281
7733	5286
2699	5288
2718	5297
4073	5307
3931	5308
216	5312
8108	5317
3747	5321
4458	5332
2805	5337
5081	5340
7583	5341
2809	5342
5974	5345
2774	5348
2582	5352
8013	5353
5259	5357
2856	5365
5076	5376
6104	5378
5858	5386
2871	5390
5366	5391
6843	5392
6647	5395
5982	5404
6831	5405
2916	5408
7099	5411
7789	5418
5648	5420
8657	5432
3754	5434
2720	5437
2966	5438
4358	5441
5590	5446
3020	5463
6461	5470
8578	5474
8476	5475
6820	5479
7026	5481
4127	5486
3065	5491
2994	5492
3088	5494
3114	5506
6819	5511
5779	5512
5643	5521
8794	5524
3477	5528
4743	5529
4692	5533
3016	5535
3185	5539
3193	5553
4450	5554
8238	5558
4992	5562
4925	5564
8101	5567
6853	5578
3233	5582
6572	5584
6451	5587
6988	5591
7625	5592
6289	5596
1443	5599
6933	5601
3259	5608
6137	5612
8277	5617
3312	5623
7477	5633
6955	5635
7736	5640
6579	5645
7469	5649
8331	5653
8470	5657
3894	5659
3845	5667
3869	5675
8022	5677
5319	5684
8035	5686
3330	5694
3234	5695
8286	5703
6985	5708
3469	5712
3487	5714
4327	5739
5755	5754
6213	5763
5349	5769
6172	5771
7215	5775
3586	5784
8486	5787
8715	5797
3619	5798
3623	5803
3627	5808
3637	5809
3602	5815
5961	5817
7869	5823
5855	5838
6319	5841
8549	5844
8290	5849
6694	5851
8132	5863
7269	5867
5439	5875
4830	5883
7308	5887
8837	5888
8328	5891
3620	5898
3802	5900
5484	5902
7618	5907
3846	5923
8229	5924
3863	5927
8813	5932
8492	5934
5924	5937
5050	5940
3875	5942
4006	5944
6959	5958
5442	5963
6012	5967
3949	5969
3924	5970
4433	5977
5579	5983
7467	5984
3999	5989
7048	6015
5916	6019
6725	6027
4657	6028
5774	6037
4049	6044
6098	6046
7344	6048
5700	6058
6976	6063
4174	6077
4141	6097
5409	6098
7253	6104
4536	6106
6865	6112
7666	6116
7641	6119
485	6130
4220	6134
8138	6140
6487	6147
5898	6155
8367	6163
4164	6168
8172	6172
4296	6178
8613	6192
6427	6201
4337	6203
6345	6204
6309	6211
4341	6214
8680	6219
4746	6220
6286	6223
4257	6228
5238	6238
4423	6245
4452	6268
6743	6272
4330	6283
7131	6285
4929	6287
8650	6292
7921	6299
4663	6321
5908	6326
8812	6330
8774	6332
6601	6334
4593	6350
7244	6353
6418	6368
4523	6377
5707	6381
6421	6382
4631	6385
7011	6386
7516	6420
7751	6421
3561	6428
4383	6429
7009	6434
6184	6437
6432	6441
7822	6448
4709	6454
5166	6463
8313	6466
6318	6474
8417	6475
7941	6481
4786	6487
5043	6501
4807	6503
4347	6507
4895	6526
7162	6529
4924	6537
8727	6538
4927	6541
4935	6543
8309	6552
8597	6553
7061	6556
8235	6562
8710	6566
2559	6572
4982	6574
6084	6591
4843	6593
144	6601
5029	6602
4926	6615
8478	6621
7502	6624
6496	6626
7815	6629
5066	6631
5062	6637
8490	6646
5096	6655
5589	6659
5269	6661
5099	6664
5542	6673
5152	6695
7894	6711
5553	6712
6761	6716
8646	6725
7511	6726
5344	6728
5249	6742
7545	6747
5279	6760
6485	6772
5320	6774
5335	6775
5560	6776
7672	6801
5984	6813
7784	6838
5541	6841
6185	6849
5329	6855
7274	6886
4630	6891
5555	6892
8019	6904
5596	6911
5647	6945
6660	6960
5718	6964
2287	6981
5761	6986
5776	6989
6326	7001
5799	7008
5478	7017
5825	7021
6479	7031
5733	7039
5856	7050
3463	7058
6078	7059
8010	7075
5910	7089
5907	7090
6877	7091
6920	7097
7034	7101
7364	7116
5968	7118
6056	7119
7859	7141
6217	7162
6083	7211
7053	7246
2609	7254
7990	7255
6171	7266
8535	7271
6221	7293
6248	7312
7393	7313
6257	7314
6252	7315
6274	7330
6292	7331
5297	7345
8828	7380
8297	7391
6380	7393
7783	7432
7674	7458
1725	7511
6677	7536
8252	7551
435	7600
6806	7602
6874	7626
6896	7638
6899	7641
6946	7667
6984	7690
2386	7711
7037	7721
8818	7733
8683	7750
7031	7765
7409	7804
7164	7807
8218	7840
7190	7856
7338	7882
5831	7934
7382	7947
7384	7950
7367	7964
7386	7965
7439	7984
8346	8022
8765	8033
7546	8037
7594	8064
7536	8082
7579	8090
7635	8091
6186	8097
8772	8099
5622	8100
8509	8127
8029	8130
7856	8133
7998	8134
7651	8158
8363	8173
7817	8179
8804	8211
6623	8222
7885	8239
7893	8242
7901	8243
7835	8250
7929	8261
8284	8283
7925	8301
8014	8302
8047	8323
8053	8330
8171	8392
8151	8413
8159	8414
8239	8418
7443	8446
8358	8482
8382	8501
8307	8505
8401	8579
8465	8585
8520	8623
8529	8631
8802	8643
8568	8668
758	8682
8654	8721
8729	8728
8588	8733
229	8744
8626	8747
8699	8752
8764	8793
8782	8812
