261	1
3693	2
7050	3
1717	4
6495	5
1	6
7796	7
2673	8
1340	9
900	10
4678	11
4513	12
5718	13
6717	14
12	15
637	16
412	17
484	18
917	19
1938	20
1267	21
4672	22
7015	23
242	24
23	25
4609	26
292	27
78	28
2212	29
6249	31
565	32
7941	33
33	34
8294	35
6621	36
2871	37
1614	38
8247	39
4324	40
1047	41
6709	43
1452	44
2341	45
2091	46
44	47
2676	48
4845	49
5460	52
1265	55
55	56
1421	58
5422	59
8657	60
472	61
3367	63
5816	64
65	66
67	68
8408	69
2623	70
69	71
1858	72
273	73
478	74
2276	75
5345	76
462	77
7708	78
5716	79
6677	80
4069	81
660	82
80	83
2700	84
5101	85
1513	86
3172	87
1812	88
2601	89
2609	90
3824	91
6362	92
8023	93
90	94
2416	96
8447	97
3083	100
8047	101
5121	102
236	103
101	104
6070	105
6846	106
1924	107
7116	108
4815	109
2427	110
1610	111
2526	112
7912	113
112	114
5389	116
7983	117
6862	119
3679	120
465	121
1438	123
1613	124
123	125
3013	126
3042	127
3995	128
1389	129
4472	130
1716	131
2985	132
6942	134
539	135
5261	136
7820	137
4663	138
134	139
1210	140
82	141
1259	142
6045	143
1606	144
1886	145
145	146
1084	147
196	148
81	149
3510	150
5795	151
6857	152
5615	153
2347	154
1801	155
156	157
1629	158
5188	159
158	160
5639	161
5418	162
3059	164
1164	165
676	166
2870	167
2680	168
7222	169
2747	170
165	171
564	172
74	173
3673	174
3727	175
1092	176
5286	177
169	178
1597	179
179	180
326	182
5118	183
5951	184
2388	185
1450	186
7620	187
2215	188
3695	189
189	190
3115	191
3173	192
2116	193
1682	194
3691	195
3262	196
739	197
3570	199
5920	200
1445	201
200	202
5797	203
6150	204
5896	205
1988	206
3710	207
1775	208
3843	209
3882	210
8615	211
211	212
567	213
8505	214
3732	215
1553	216
5018	217
3352	218
482	219
3608	220
4268	221
222	223
810	224
2606	226
442	229
1243	230
342	232
1211	233
232	234
8029	235
8059	236
2933	237
7348	238
3724	239
3261	240
645	241
361	242
663	243
7509	244
4051	245
902	246
780	247
812	248
402	249
7667	250
7673	251
7626	252
2923	253
252	254
4579	256
5099	259
965	260
3058	261
7118	262
263	264
1536	265
265	266
1119	267
2065	268
552	269
808	270
7002	271
2862	272
2655	273
7248	274
6514	275
271	276
1527	277
2232	278
1904	280
4879	281
2666	282
8206	283
3544	284
1499	285
282	286
8566	287
2123	288
89	289
6941	290
1060	291
1959	292
291	293
1485	294
2336	295
1985	296
594	297
924	298
2515	299
1524	300
2275	301
550	302
2603	303
302	304
2238	305
77	307
3054	308
4173	309
2510	310
3651	311
312	313
864	314
8472	315
4755	316
337	317
4897	318
3160	319
2169	320
4352	321
4308	322
6837	323
5406	324
4812	325
6649	326
323	327
1830	328
983	330
3327	331
2881	332
2817	333
332	334
5195	335
466	336
691	337
1944	338
3643	339
1695	340
874	341
557	342
841	343
511	344
4692	346
1702	347
1721	348
2376	349
1804	350
2078	351
247	352
1598	353
3245	354
2262	355
3041	356
2892	357
3536	358
898	359
677	360
359	361
2428	362
5248	363
519	364
6626	365
568	366
2308	367
6229	368
3719	369
766	370
2081	371
370	372
7586	373
2888	374
7537	375
4022	376
1039	378
7238	379
1741	380
6916	381
2469	382
380	383
3934	384
7727	385
1226	386
3215	387
1311	388
8550	389
6813	390
2637	391
5414	392
391	393
1814	394
130	395
3560	397
1300	398
6868	399
4342	400
6491	401
712	402
2058	403
8686	404
8202	405
2198	406
4329	407
4499	409
3583	410
7288	412
3110	413
543	414
1393	415
8493	418
2996	419
5385	420
7826	422
5360	423
421	424
1405	426
1852	427
949	428
1691	429
285	431
3092	432
1660	433
431	434
7838	435
1449	436
9	438
625	440
1818	441
3857	442
1458	443
2050	444
671	445
8038	447
1951	448
3597	449
3913	450
4194	451
1274	452
8459	453
8272	454
3064	455
452	456
8407	457
1249	458
575	459
4241	460
8473	461
461	462
4227	464
4838	465
376	466
6608	467
4343	468
6665	469
463	470
6220	471
351	472
1948	473
8119	474
2699	476
923	478
418	479
3348	480
4535	481
871	482
8201	483
1250	484
2013	486
6796	487
5465	488
489	490
7264	491
904	492
6260	494
5858	496
6532	497
5955	498
2009	499
166	500
500	501
7370	502
7084	503
4345	504
8170	505
7893	506
68	507
8399	508
1923	509
352	510
510	511
4677	512
8706	513
512	514
7460	515
6704	516
5107	517
880	518
4232	519
4033	522
2528	523
1550	524
523	525
2334	526
713	527
1518	528
7226	529
6089	530
530	531
2183	532
661	533
533	534
2982	535
5867	536
1596	538
176	543
544	545
2225	546
546	547
6701	548
2705	549
4045	550
8290	551
8041	552
6687	553
214	554
6340	555
8687	556
5352	557
2732	558
805	559
6535	560
556	561
1351	563
1446	564
966	565
1917	566
100	567
1537	568
563	569
6957	570
4284	571
3933	572
570	573
1793	578
6602	580
618	581
580	582
3037	583
5397	584
2179	585
6892	586
1358	587
2201	589
2378	590
589	591
591	592
3240	594
3839	595
6559	596
2157	597
1154	598
598	599
7275	600
300	601
4291	602
1283	603
1241	604
1336	605
5781	606
638	607
4214	609
608	610
5826	611
5853	612
4668	613
6040	614
2139	615
1823	616
2185	617
786	618
1638	619
6501	620
53	622
536	623
925	624
2694	625
4357	626
627	628
467	630
6440	631
632	633
634	635
3429	636
297	637
4236	638
3965	639
6809	640
640	641
1754	642
5833	644
4561	645
4285	646
8303	647
1224	648
2434	649
3897	650
2150	651
1312	652
2070	653
650	654
761	656
280	657
2455	658
3759	660
7817	661
8203	662
6607	663
1315	664
8457	665
5686	666
4036	667
4600	668
668	669
7660	670
5511	671
2882	672
6252	673
2887	674
4114	675
386	676
4252	677
4165	678
8034	679
3154	680
4497	681
1242	682
7514	684
685	686
1989	687
284	688
4555	689
689	690
7728	691
7240	693
5043	694
2087	695
1732	696
7723	697
697	698
7555	699
699	700
1921	707
4281	710
710	711
1945	712
4777	714
2511	715
6897	716
3105	717
3060	719
7527	720
8175	721
720	722
2114	725
2687	726
1184	727
3689	729
248	730
8102	731
7161	732
5281	733
7004	734
1439	735
7919	736
730	737
5844	738
4626	740
2790	741
7252	742
5703	743
741	744
825	745
5991	747
4054	748
379	749
2630	751
3051	752
1789	753
216	754
750	755
4509	756
819	757
7253	758
6445	759
1282	760
8708	761
760	762
2105	763
144	764
2568	765
5186	766
1163	767
6322	768
7888	769
7432	770
8463	771
771	772
1978	774
1602	775
330	777
2936	778
3919	779
5813	780
991	781
781	782
850	783
4781	784
4620	785
2851	786
1086	787
6623	788
5723	789
682	792
791	793
5365	794
2939	795
7569	796
1605	797
295	799
8672	800
1514	801
7178	802
259	803
159	804
1663	806
2073	807
6988	808
2704	809
6443	810
3976	811
76	812
4435	813
2984	814
1641	815
5618	816
4040	817
355	818
315	819
4881	820
1353	821
1373	822
6422	823
2236	824
8717	825
2635	826
4145	827
827	828
8465	829
2148	830
835	831
1646	833
7749	834
6092	835
2445	836
6476	837
3257	838
175	839
1914	840
1292	841
4009	842
3207	843
582	844
838	845
1724	847
8517	848
848	849
113	850
4636	851
851	852
3970	853
235	854
6454	855
2840	856
2432	857
2546	858
2362	859
540	860
859	861
3082	862
205	864
5766	865
3156	866
97	867
1287	868
1936	870
3029	871
831	872
5479	874
4323	875
3072	877
659	878
2899	879
3653	880
7946	881
878	882
11	883
2125	884
623	885
4339	886
4456	887
887	888
2657	889
5750	890
7112	891
8298	894
5179	895
8715	896
1257	897
4877	898
896	899
8193	900
170	901
2250	902
6459	904
2218	906
906	907
4058	908
2079	909
4267	910
1969	912
5528	913
1169	914
163	915
4015	916
2303	917
5606	918
4586	919
2194	920
5650	921
1551	922
234	924
8237	926
840	927
3144	928
910	929
2368	930
2858	932
4011	933
5169	934
934	935
8069	936
777	937
8542	938
18	939
8370	941
5861	942
3903	943
5212	944
7333	946
6767	947
6365	948
3340	950
4365	951
736	952
8004	953
1869	954
729	956
726	957
3669	958
8088	959
959	960
8616	962
4211	963
6536	964
5562	965
1096	966
968	969
3605	970
4563	971
6531	972
6212	973
1579	974
2273	975
2679	976
1971	978
4113	979
7952	980
5416	981
978	982
5063	983
6490	984
240	985
8524	986
4799	987
2072	988
988	989
7934	990
8160	991
758	992
4938	993
3196	994
3706	995
4922	997
213	998
269	999
4602	1000
7078	1001
3928	1002
3753	1003
1400	1005
1016	1006
522	1007
4083	1008
4175	1009
1004	1010
1542	1011
8382	1012
1661	1013
1014	1015
639	1016
5631	1017
1017	1018
5327	1019
2602	1021
7585	1022
5468	1025
3992	1029
4572	1030
1028	1031
8668	1033
569	1034
5271	1035
3464	1037
1037	1038
7204	1039
5746	1040
5678	1041
3276	1043
3674	1045
220	1046
2853	1047
732	1048
7572	1049
7854	1050
346	1051
3259	1052
6232	1053
5782	1054
1275	1055
4159	1056
85	1057
1233	1058
2145	1059
27	1060
2337	1061
2514	1062
2479	1063
2717	1064
8676	1065
7060	1067
1068	1069
435	1070
7848	1071
2778	1072
6546	1073
4731	1074
6102	1075
2210	1076
1075	1077
1546	1078
2216	1079
4481	1080
1090	1081
1681	1082
7726	1083
5994	1084
1659	1085
3702	1086
8381	1087
7827	1089
5840	1090
628	1091
3248	1092
1631	1093
5488	1094
8697	1095
3867	1096
5344	1097
3080	1098
1099	1100
2211	1101
2583	1102
566	1103
5886	1104
1896	1105
8111	1106
3000	1107
5033	1108
4727	1110
4120	1112
3140	1113
1113	1114
2325	1115
356	1116
7005	1117
1533	1118
6083	1119
4360	1120
6056	1121
3533	1122
2844	1123
1122	1124
3904	1125
8620	1126
4655	1127
4318	1128
3741	1129
7516	1130
6266	1133
1133	1134
6567	1135
1548	1136
2344	1137
8462	1138
3716	1139
4846	1141
5785	1142
24	1143
7465	1144
1144	1145
1996	1146
3812	1147
806	1148
7067	1149
6168	1150
7117	1151
8540	1152
1152	1153
3754	1154
3260	1155
1155	1156
1822	1157
3772	1158
286	1160
3626	1161
4034	1162
8199	1163
2390	1164
4750	1165
1574	1166
1648	1167
617	1168
8590	1169
5480	1170
2103	1171
6167	1173
7358	1174
490	1176
3856	1177
6046	1179
1620	1180
1179	1181
2418	1182
7681	1183
5323	1184
314	1185
6104	1186
8166	1187
2098	1188
1188	1189
4493	1190
4836	1191
673	1192
3021	1193
2222	1194
3337	1195
4450	1196
1549	1197
8461	1198
2284	1199
8135	1200
1738	1202
1202	1203
7016	1204
4825	1205
2102	1206
2204	1207
7218	1208
1141	1209
1816	1210
5817	1211
2381	1212
8662	1213
3408	1214
8039	1215
8026	1216
690	1217
5301	1218
5269	1219
1218	1220
8560	1221
4290	1222
1495	1223
823	1224
6852	1225
7463	1226
2668	1227
6129	1228
4977	1229
4765	1231
2121	1232
6740	1233
1892	1234
3662	1235
8308	1236
2670	1238
4056	1241
4980	1242
703	1243
8249	1244
7195	1245
3577	1246
7773	1247
7239	1248
447	1249
4068	1250
2582	1251
5265	1252
1023	1253
3269	1254
3007	1255
3567	1256
4160	1258
6461	1259
658	1260
4943	1261
2845	1262
6750	1263
6683	1264
657	1265
2592	1266
1140	1267
1266	1268
1640	1269
3129	1270
6474	1271
1270	1272
5105	1273
2941	1275
2452	1276
957	1277
1277	1278
1714	1279
901	1280
4647	1281
1611	1282
2849	1283
3443	1284
2167	1285
8654	1286
1698	1287
6044	1288
3326	1289
928	1290
139	1291
3953	1292
4484	1293
197	1294
8146	1295
6480	1298
2463	1299
6712	1301
1301	1302
2814	1303
6720	1304
5292	1305
2538	1306
1305	1307
1322	1309
409	1310
1712	1312
1380	1313
2783	1314
6850	1315
3293	1316
1316	1317
4543	1318
13	1319
127	1320
1136	1321
3911	1322
7887	1323
5890	1324
1323	1325
2354	1326
3733	1327
7864	1328
2691	1329
1331	1332
8328	1339
8456	1340
5706	1341
1341	1342
8496	1343
4321	1344
688	1346
233	1347
2062	1349
1349	1350
8288	1351
334	1353
1506	1355
1757	1356
2529	1357
7752	1358
4184	1359
5768	1360
6047	1361
3012	1362
816	1364
4353	1365
1364	1366
2281	1367
8449	1368
1729	1371
2261	1372
250	1373
173	1374
5115	1375
5541	1376
1375	1377
5417	1378
3806	1379
6966	1380
508	1381
8552	1382
7557	1383
3512	1384
1385	1386
2653	1388
407	1389
8317	1390
814	1391
7436	1392
2033	1393
2162	1397
1895	1398
3938	1399
635	1400
4217	1401
1215	1403
926	1404
4995	1405
1708	1406
5728	1407
5249	1409
6342	1410
8392	1411
2349	1412
28	1413
378	1414
4331	1415
8396	1418
5027	1420
1178	1422
6116	1423
4841	1424
6777	1425
6890	1426
5132	1427
1428	1429
3888	1431
5194	1432
8663	1433
2523	1434
1206	1435
4415	1436
3268	1437
1002	1438
2442	1439
1437	1440
8287	1442
5901	1443
8292	1444
5167	1445
1153	1446
249	1448
2830	1449
7531	1450
245	1451
4384	1452
774	1453
5339	1454
641	1456
5684	1457
4204	1458
7289	1459
3254	1460
1459	1461
1244	1464
2010	1465
160	1467
1223	1468
7764	1469
5388	1470
1469	1471
4251	1472
4299	1473
1472	1474
1333	1475
1478	1477
8455	1479
4711	1480
807	1481
1481	1482
3357	1483
262	1485
6730	1486
2339	1487
4233	1488
1107	1490
7851	1491
1490	1492
2938	1494
578	1495
1191	1496
5213	1497
1497	1498
1780	1499
1538	1500
5444	1501
3358	1502
8293	1503
2512	1504
2331	1505
2462	1506
6171	1507
3704	1508
3266	1510
2736	1511
7155	1512
1399	1513
4162	1514
4970	1515
4746	1516
1156	1517
1212	1518
338	1519
5508	1520
3972	1523
3914	1524
2965	1525
2758	1527
3246	1528
8614	1529
3551	1530
6638	1531
2322	1533
3378	1534
7679	1535
3318	1536
29	1537
6960	1538
1372	1539
3665	1540
6946	1541
4521	1543
4653	1545
398	1546
1632	1547
2696	1548
7895	1549
7540	1550
1890	1551
3023	1552
2956	1553
2069	1554
6215	1555
1479	1556
8591	1557
4991	1558
5455	1559
1559	1560
4169	1562
2409	1564
4852	1565
1565	1566
4106	1567
1772	1569
1012	1570
3864	1571
1392	1572
5342	1573
4945	1574
8584	1575
4367	1576
2626	1577
8327	1578
7197	1579
1783	1580
6711	1581
5486	1582
1582	1583
695	1584
1284	1585
581	1586
3314	1588
7591	1592
1592	1593
8626	1594
360	1595
2810	1596
714	1597
3990	1599
7789	1600
7501	1601
299	1602
132	1603
3139	1604
7422	1605
5139	1606
6175	1607
1502	1608
2671	1609
5004	1610
7818	1611
2901	1612
8671	1613
7979	1614
7702	1615
1354	1616
4354	1617
1617	1618
834	1619
1619	1620
952	1622
1993	1623
2650	1625
2555	1626
1628	1629
8511	1630
4389	1631
6414	1632
8310	1635
7140	1636
8357	1638
5009	1639
3280	1640
8066	1641
6703	1642
696	1643
1791	1644
6545	1646
542	1647
7755	1648
513	1649
1427	1650
7126	1654
1654	1655
6483	1657
1991	1658
1433	1659
1015	1660
5400	1661
321	1662
2389	1665
1665	1666
1403	1667
1870	1668
1999	1669
2147	1670
4622	1671
4508	1672
655	1673
5243	1675
7750	1676
2498	1677
1505	1678
1679	1680
6364	1681
3788	1682
5888	1683
2404	1684
509	1686
2486	1687
5446	1688
1688	1689
3853	1690
7605	1691
1395	1692
6515	1693
2456	1694
1417	1695
6084	1696
1844	1697
8586	1698
1907	1699
225	1700
3026	1702
4685	1706
2279	1707
3184	1708
3355	1709
3614	1710
7120	1711
890	1712
3581	1713
7870	1714
5632	1715
4960	1716
6316	1717
7021	1718
2028	1719
1719	1720
5092	1721
301	1723
7659	1724
5672	1725
986	1726
5449	1727
2733	1728
4485	1729
2093	1730
1208	1731
119	1732
2231	1733
2042	1736
3412	1737
6995	1739
215	1740
6540	1741
1740	1742
303	1743
2645	1744
1258	1745
4951	1746
6887	1747
1956	1748
1749	1750
2298	1751
453	1752
2282	1754
6095	1755
7010	1756
4858	1757
8286	1758
5242	1759
4071	1760
1918	1761
1650	1762
5762	1763
390	1764
3649	1765
916	1766
4914	1768
3336	1769
3593	1770
2560	1772
3520	1774
4370	1775
803	1776
117	1777
1778	1779
1415	1780
1299	1781
2610	1782
3663	1783
1422	1784
3219	1785
7379	1786
5158	1787
1787	1788
2302	1789
5246	1790
1790	1791
3331	1792
8304	1793
597	1794
1795	1796
5566	1797
4118	1798
4800	1799
1797	1800
6591	1801
2685	1802
4404	1803
7012	1804
99	1805
4152	1806
2559	1807
4328	1808
3221	1809
4283	1810
576	1811
4122	1812
733	1813
7992	1814
5871	1815
2024	1816
6710	1817
6940	1819
6965	1820
2563	1822
1880	1823
1796	1824
2321	1826
1981	1827
4215	1828
7	1829
8151	1830
4884	1831
7263	1832
888	1833
1833	1834
2307	1835
2348	1836
3742	1837
5148	1839
3224	1840
324	1841
877	1842
4057	1843
4035	1844
5373	1845
6573	1847
8330	1848
5273	1849
425	1850
381	1852
8712	1853
3232	1854
667	1855
6803	1856
4077	1857
6773	1858
5112	1859
8502	1861
4419	1862
5085	1863
1338	1864
3513	1866
2039	1867
1865	1868
501	1870
3794	1871
5758	1872
3231	1873
4679	1874
6614	1875
636	1877
742	1878
2562	1879
7250	1880
2782	1881
7733	1882
5965	1886
7633	1887
1531	1888
8232	1889
5774	1890
7075	1891
2824	1892
507	1893
2964	1895
5494	1896
1803	1897
6163	1899
3389	1900
6109	1901
784	1902
8326	1903
3694	1904
662	1905
2080	1906
8464	1907
1159	1909
2701	1910
5591	1911
7419	1914
2438	1915
1171	1916
2937	1917
3212	1918
1824	1921
7684	1922
4476	1923
2641	1925
1767	1926
7107	1927
2082	1928
6458	1929
308	1930
5343	1932
3906	1933
7066	1935
1618	1936
5238	1937
491	1938
1946	1939
2715	1940
1940	1941
1269	1942
744	1943
104	1944
6453	1945
2268	1946
5651	1947
5133	1949
7634	1950
5294	1951
6690	1952
7685	1953
38	1954
4650	1955
1955	1956
7903	1957
1810	1960
1786	1961
1673	1962
5937	1963
5744	1964
1195	1966
7539	1967
3573	1969
8341	1970
3375	1971
3078	1972
121	1973
209	1974
1114	1975
1975	1976
2572	1977
5571	1978
1247	1979
3171	1980
1831	1982
4358	1985
5598	1986
1467	1987
1986	1988
1204	1989
4475	1990
1231	1991
3645	1992
2088	1993
1639	1995
2575	1996
4581	1997
4375	1998
1764	1999
1520	2000
1805	2001
5895	2002
1432	2003
2003	2004
6987	2005
8245	2006
8182	2007
3316	2009
856	2011
2553	2012
4112	2013
7128	2014
6156	2015
3291	2016
1158	2018
4903	2019
4534	2020
2819	2021
8567	2022
656	2024
4496	2026
2025	2027
6180	2028
4552	2029
7492	2030
5579	2032
3301	2033
8414	2034
3122	2035
1440	2036
3981	2037
6817	2038
5638	2039
3816	2041
357	2042
1232	2043
456	2044
8482	2047
4783	2049
8661	2050
2189	2051
389	2052
1739	2053
4381	2055
4735	2058
3444	2060
6888	2061
652	2062
7712	2063
6181	2064
7797	2065
6050	2067
2841	2069
4208	2070
6357	2071
801	2072
6999	2073
6119	2074
2053	2076
2128	2077
6015	2078
3548	2080
2205	2082
4465	2086
1332	2087
7772	2088
5341	2090
2066	2094
1792	2097
183	2098
1419	2099
6465	2100
895	2101
1386	2104
2104	2105
125	2107
3647	2108
3161	2109
558	2110
328	2112
5604	2113
1607	2114
2112	2115
6991	2116
8436	2117
4689	2118
4424	2120
5690	2121
7468	2122
2122	2123
1916	2124
7414	2125
238	2127
2611	2128
2172	2129
7936	2130
2130	2131
164	2132
3170	2133
7547	2134
7809	2135
3606	2136
4269	2137
6186	2138
3470	2140
6100	2142
7199	2143
6914	2144
7837	2145
3247	2146
5250	2147
4006	2148
7146	2149
2480	2152
5189	2154
852	2155
7515	2157
2620	2158
4350	2159
4294	2160
855	2161
3714	2162
3194	2164
5097	2165
2798	2166
2588	2167
7675	2168
3039	2170
5986	2171
4714	2172
759	2175
126	2177
2868	2178
4654	2180
5594	2181
4957	2182
5696	2183
3368	2185
8138	2187
2187	2188
3226	2189
7649	2190
4675	2191
7921	2192
2788	2193
2505	2194
4327	2195
1585	2196
7891	2197
1624	2198
6164	2199
2221	2201
4545	2202
4439	2204
7219	2205
4347	2206
6645	2208
7266	2209
1147	2212
7504	2213
8307	2214
2516	2215
4166	2217
3152	2218
3056	2219
8305	2220
4966	2221
2099	2222
5076	2223
3613	2224
5805	2225
7931	2226
776	2227
4332	2228
3195	2230
1227	2231
3532	2233
4376	2234
2490	2236
6970	2237
4950	2238
5938	2239
1623	2240
6174	2242
6377	2244
2243	2245
8068	2246
3435	2250
979	2251
2740	2254
3861	2255
7563	2256
3659	2257
83	2258
2258	2259
6407	2260
5752	2261
4219	2262
8051	2264
4155	2266
6894	2268
5765	2269
2894	2274
2274	2275
6963	2276
7517	2278
648	2281
5953	2283
2283	2284
680	2285
8121	2295
2295	2296
4578	2297
5058	2298
716	2299
728	2300
4899	2301
2301	2302
5087	2304
7782	2305
7450	2308
8535	2309
4196	2310
2311	2312
2313	2314
4320	2315
5803	2316
6714	2317
4191	2318
5984	2319
6994	2320
3005	2321
3943	2323
3552	2325
6417	2326
3910	2328
5909	2329
2329	2330
2496	2331
4400	2332
1952	2333
1883	2335
2752	2336
3805	2342
5681	2343
7575	2344
4363	2345
4314	2348
4671	2349
4128	2351
1622	2353
6183	2355
6825	2356
3761	2357
8333	2358
541	2359
5831	2360
2361	2362
4046	2363
4693	2364
8331	2365
2364	2366
1418	2368
5478	2370
1065	2371
5096	2373
2734	2374
221	2378
4413	2380
5454	2381
6472	2382
6523	2383
399	2384
2383	2385
6727	2386
3117	2387
6877	2389
4349	2390
218	2391
2092	2392
2913	2393
6061	2394
7076	2396
8315	2397
2397	2398
7053	2399
1106	2400
87	2402
5151	2403
4681	2404
3095	2405
2223	2407
66	2408
5134	2409
7978	2411
2410	2412
5668	2413
3397	2414
5244	2415
5077	2416
5522	2418
7328	2419
457	2420
2597	2422
756	2423
2159	2424
4466	2426
7133	2427
7080	2428
6202	2429
7214	2431
369	2433
7213	2434
3417	2435
3937	2436
2436	2437
3792	2438
862	2439
2638	2441
2643	2443
8484	2445
1220	2446
1881	2447
1261	2449
3580	2450
503	2451
7029	2453
3422	2455
6431	2456
468	2457
847	2458
5635	2459
4437	2460
5873	2461
8277	2462
1196	2463
40	2464
6763	2465
2619	2467
2305	2470
6582	2471
2471	2472
8174	2473
2726	2475
7433	2476
8018	2477
8074	2479
185	2480
4610	2481
2714	2483
6558	2484
2958	2485
2642	2486
5363	2487
1887	2489
2584	2490
2488	2491
206	2492
8017	2493
3114	2494
7054	2495
94	2496
5531	2497
8312	2498
8514	2499
4016	2500
5410	2501
2503	2504
5860	2505
5544	2506
7647	2508
1125	2509
7407	2513
7378	2516
2493	2517
2517	2518
4687	2519
6227	2520
8525	2527
35	2528
7552	2529
5621	2530
813	2533
4847	2534
2535	2536
8065	2537
275	2539
3582	2540
3852	2543
7245	2544
2544	2545
3176	2547
5878	2549
371	2550
5546	2552
1025	2555
6256	2557
1117	2560
2351	2562
4631	2564
5078	2566
3730	2567
2366	2568
2574	2569
1540	2570
6604	2571
1734	2573
2960	2574
3256	2575
7384	2576
8257	2578
4523	2580
4635	2581
4902	2583
3243	2584
8250	2585
3951	2588
1891	2589
867	2590
3217	2591
2591	2592
384	2594
8543	2598
2599	2600
8033	2601
4624	2602
2414	2605
987	2606
1207	2607
5247	2608
290	2609
181	2611
2628	2612
5915	2613
4542	2614
7113	2615
4628	2617
1234	2618
7150	2619
180	2620
2200	2621
5624	2622
6856	2623
3084	2624
3496	2625
4265	2626
7427	2627
7411	2628
4028	2631
4361	2632
8667	2633
7993	2635
2634	2636
149	2637
7168	2639
4976	2640
2565	2641
1690	2642
2424	2645
8115	2646
6615	2648
2614	2649
2052	2650
4478	2653
7674	2656
7672	2657
2660	2661
2151	2662
5921	2663
3568	2664
3074	2666
7855	2669
436	2670
3476	2674
1694	2676
7017	2677
7929	2679
944	2680
3562	2681
5015	2682
1488	2684
15	2685
7286	2686
5276	2687
3762	2689
6842	2690
3946	2691
2489	2692
2690	2693
3963	2694
8058	2695
8158	2696
2100	2697
3511	2698
7278	2701
2269	2703
7135	2704
8572	2705
2161	2706
6821	2708
8684	2709
5127	2710
8164	2711
3600	2713
7619	2714
6962	2715
2805	2717
1003	2719
2721	2720
2768	2723
5089	2726
891	2727
6863	2728
2909	2730
573	2731
2632	2732
2118	2734
1219	2735
3586	2737
1769	2738
10	2739
6853	2744
1102	2745
3289	2746
2896	2748
4487	2749
7461	2750
4230	2751
1808	2752
2730	2754
1829	2757
1615	2758
2265	2759
5607	2760
4094	2761
3650	2763
1539	2764
239	2766
3388	2767
4295	2768
2762	2769
1982	2770
2662	2771
4064	2772
2756	2773
7899	2774
405	2776
1730	2778
102	2779
32	2780
4872	2781
5372	2782
5754	2783
45	2786
5652	2788
6054	2789
1800	2790
52	2792
4873	2795
1182	2796
1238	2797
7271	2798
1498	2799
5733	2802
1279	2803
47	2804
6447	2806
21	2807
6686	2808
1429	2809
5484	2810
186	2811
3994	2812
276	2813
8679	2814
844	2816
2251	2817
7473	2818
192	2819
8228	2820
496	2821
73	2823
7194	2824
1599	2825
4231	2826
8363	2827
7522	2829
908	2830
6375	2831
7950	2832
75	2833
4104	2834
7221	2836
4882	2837
155	2839
7743	2840
5218	2841
1608	2842
6332	2843
7886	2844
4843	2845
3121	2847
1424	2848
140	2849
1142	2850
95	2852
6469	2855
2746	2856
2365	2857
7713	2858
474	2859
36	2860
6526	2861
93	2862
162	2863
6911	2864
5882	2865
1248	2867
3534	2868
8520	2871
2663	2873
1177	2874
2615	2875
5633	2876
2435	2878
3456	2879
8359	2880
4136	2881
560	2882
318	2883
3618	2884
5705	2885
451	2887
4304	2888
5930	2892
4684	2894
7860	2895
3789	2896
3988	2897
5141	2898
6839	2899
4309	2901
2160	2902
2453	2903
116	2904
7454	2909
3420	2910
3652	2911
4420	2912
4779	2913
1313	2914
3868	2915
6268	2916
725	2917
115	2918
2320	2919
1731	2924
2580	2925
1236	2926
3962	2927
698	2928
137	2929
385	2930
4597	2931
4195	2932
3763	2933
88	2934
4520	2936
7047	2937
3782	2938
1826	2939
6073	2941
1666	2942
4580	2943
6166	2946
6636	2947
3302	2948
143	2949
5779	2950
3493	2951
5252	2952
1541	2955
4745	2957
8554	2958
5356	2959
153	2960
2533	2961
1409	2962
7324	2963
7718	2964
1254	2967
8291	2968
3549	2969
7499	2970
4399	2971
152	2972
157	2976
2754	2979
3890	2982
6449	2983
2966	2984
1528	2985
5700	2986
765	2987
4987	2988
4699	2989
1733	2990
4958	2993
298	2994
177	2995
3403	2997
4066	2998
8670	2999
8352	3000
1799	3001
559	3004
174	3005
1846	3006
5162	3007
626	3011
188	3012
7104	3013
8295	3014
4764	3015
6997	3016
3437	3017
4364	3019
6726	3021
2709	3022
6749	3023
199	3030
3038	3032
5610	3033
1998	3036
201	3037
6160	3038
7332	3039
2316	3040
6396	3041
5772	3042
7866	3043
5549	3044
4443	3045
1834	3046
4582	3047
1885	3048
5719	3049
2713	3050
1966	3051
6845	3054
5913	3055
6568	3057
8279	3058
7795	3060
2461	3061
4978	3062
401	3063
817	3064
6234	3065
7294	3066
5192	3068
1057	3069
7571	3070
1118	3072
345	3073
8445	3075
2598	3077
2774	3079
8440	3080
2245	3083
1664	3085
3399	3086
1879	3089
1649	3090
1431	3091
5876	3092
251	3093
3967	3094
5595	3095
592	3097
3885	3098
8575	3100
5743	3108
1897	3109
2423	3110
2317	3111
7192	3113
4979	3115
8416	3116
1809	3117
272	3118
8179	3119
7142	3120
5152	3121
861	3122
2174	3123
8309	3125
5103	3126
8405	3129
7944	3130
6828	3131
3776	3132
6998	3133
4633	3134
4670	3137
2475	3138
6575	3139
274	3140
5270	3141
7505	3142
4898	3143
3825	3144
427	3145
4013	3147
6161	3148
6419	3149
7742	3150
3866	3153
8628	3157
8240	3158
2068	3159
7477	3160
4720	3161
8501	3163
2846	3164
1515	3166
631	3167
3482	3169
7340	3172
6140	3174
294	3175
374	3176
1139	3178
5935	3180
7428	3182
3143	3183
4658	3185
4392	3186
3609	3187
8587	3188
5857	3189
2191	3191
6290	3192
4401	3193
4306	3195
3275	3196
7982	3197
244	3198
325	3199
7709	3200
3624	3203
3949	3204
5502	3207
7777	3208
8358	3212
4445	3214
5715	3215
7130	3216
1534	3219
1252	3220
2089	3222
8265	3224
3594	3226
4924	3227
255	3231
1980	3233
943	3235
6808	3236
5431	3238
6027	3240
395	3242
7688	3245
4336	3246
8030	3249
354	3250
3964	3255
2854	3256
3855	3257
1483	3258
4933	3259
593	3260
4989	3261
2895	3262
358	3263
5692	3266
340	3267
368	3268
8547	3269
8297	3272
3386	3273
6906	3275
5761	3276
8353	3278
7677	3281
2978	3282
6797	3283
7670	3284
5849	3285
2763	3286
8289	3287
4719	3288
4189	3289
7212	3290
5006	3292
2829	3294
5727	3295
7544	3298
7331	3299
4076	3300
7374	3301
1642	3303
572	3308
5106	3309
6694	3310
2458	3311
6433	3312
5605	3313
7244	3314
3020	3315
397	3316
6077	3317
5814	3319
7627	3320
4526	3322
8481	3327
4333	3328
2917	3330
7927	3331
6042	3332
7402	3333
2827	3336
2904	3338
2454	3340
884	3341
4994	3342
7758	3347
3323	3348
3907	3350
7046	3351
6769	3353
410	3355
5926	3356
7246	3357
2940	3358
5932	3360
4259	3365
7628	3366
4044	3368
5057	3371
7122	3375
2661	3378
969	3379
4447	3382
3055	3386
911	3387
8000	3388
946	3390
8109	3393
5620	3396
5859	3397
2449	3399
281	3402
879	3403
7770	3407
7165	3408
459	3409
8425	3410
4228	3412
4385	3413
469	3414
1041	3415
4749	3417
1825	3418
3107	3419
8114	3420
2776	3421
5887	3422
524	3423
3564	3425
6488	3426
5928	3429
7198	3431
485	3433
1103	3435
1653	3436
487	3437
6224	3438
2500	3441
4209	3442
493	3443
4467	3444
2639	3448
2209	3449
6572	3450
7495	3451
670	3452
2997	3453
7657	3457
6158	3458
505	3459
5443	3461
6314	3462
6794	3466
6094	3467
8035	3469
2912	3471
3432	3472
8235	3473
6048	3474
6271	3476
2672	3482
6306	3483
7479	3484
8278	3485
3604	3486
2026	3487
5644	3489
4829	3491
6013	3494
349	3495
347	3496
1709	3498
1949	3499
2658	3500
2681	3502
4229	3504
5916	3510
6715	3512
4202	3513
2961	3514
545	3515
579	3516
3465	3517
5120	3519
769	3520
8444	3521
1362	3526
809	3527
7765	3528
1321	3529
2335	3531
2616	3532
1444	3533
2547	3537
6611	3540
3875	3543
8230	3544
4761	3546
5021	3547
6752	3548
2863	3552
6557	3557
858	3560
6851	3561
7937	3565
4972	3567
7001	3569
6928	3571
6522	3572
5300	3573
6138	3574
1776	3580
2164	3582
574	3583
2330	3585
3113	3587
2190	3592
464	3595
5102	3598
554	3600
7939	3603
4594	3605
7166	3609
6829	3610
8701	3611
2801	3612
7346	3614
2005	3616
2491	3617
3310	3618
2353	3623
8633	3624
4245	3626
842	3629
1272	3631
2605	3632
8377	3633
1657	3637
7538	3639
6938	3640
3128	3641
1222	3642
674	3643
2669	3644
2203	3645
7032	3646
5384	3647
7265	3650
2266	3657
3576	3658
8161	3659
1990	3660
5898	3661
7026	3663
5847	3666
2973	3669
8337	3672
7101	3673
4206	3674
1850	3675
681	3676
1368	3678
2007	3680
8251	3683
7582	3684
7085	3685
2750	3686
2613	3689
8475	3691
7783	3695
6945	3701
1360	3702
5138	3705
2421	3706
665	3711
731	3712
3538	3715
8441	3719
6661	3721
7841	3724
4696	3727
4962	3729
5885	3731
8336	3732
8085	3733
5523	3736
3869	3738
6379	3739
4560	3740
749	3741
5714	3742
2355	3745
7942	3747
2769	3749
5649	3751
2260	3752
7613	3753
974	3754
1404	3755
7185	3757
5428	3758
3944	3759
6844	3760
768	3764
7915	3766
4356	3767
3222	3768
773	3770
4060	3771
6275	3772
4904	3773
8219	3774
7798	3775
1112	3777
4741	3781
800	3782
6074	3783
5722	3787
7230	3790
3073	3791
8055	3795
2607	3796
2934	3798
4973	3799
799	3800
2695	3801
4983	3803
7301	3804
6847	3805
2392	3806
8500	3807
4880	3809
2059	3810
4000	3812
3557	3814
4953	3815
8546	3819
6968	3821
4642	3825
4889	3828
1442	3829
1304	3831
4952	3835
2450	3843
1913	3849
7695	3850
5854	3851
4640	3852
1237	3854
2214	3855
1668	3857
6658	3861
7697	3862
1905	3864
7850	3866
4176	3868
8606	3869
8116	3871
6929	3872
7829	3873
889	3874
2345	3875
3127	3879
8222	3880
3366	3885
5470	3886
8601	3888
5701	3890
8593	3891
3312	3892
4129	3894
6283	3895
5241	3896
2467	3898
8683	3899
8233	3901
4326	3905
7415	3907
693	3908
7847	3910
5975	3911
3418	3914
1743	3916
6317	3919
4440	3920
1104	3922
2430	3925
8157	3927
1828	3929
8656	3931
6719	3935
4286	3937
4351	3938
1675	3939
3350	3941
1384	3943
962	3947
5568	3948
6075	3951
717	3952
7753	3956
2170	3960
1645	3965
8070	3967
3646	3968
8403	3969
7819	3970
767	3971
2540	3972
8420	3976
7665	3977
5329	3980
997	3981
3955	3983
3701	3987
3537	3990
6475	3993
2624	3994
7103	3997
2987	3998
8195	4003
6366	4005
7551	4016
1064	4017
8045	4018
7223	4020
7111	4022
8056	4029
1105	4030
4851	4031
7985	4032
7957	4033
6869	4034
293	4036
2314	4039
3081	4041
7623	4045
6072	4048
1120	4051
6257	4052
6785	4056
4480	4060
5228	4061
3585	4071
4340	4078
7225	4079
8080	4080
5989	4081
1928	4082
5090	4090
5583	4092
8605	4095
1815	4097
3670	4098
7873	4100
6420	4102
5611	4104
3404	4106
4406	4110
1843	4112
7614	4116
4505	4117
6520	4124
3004	4126
4605	4128
1383	4130
1194	4131
4596	4137
7058	4142
1644	4144
1229	4145
3103	4151
7624	4156
1859	4157
7908	4160
6864	4164
7037	4165
6381	4170
3945	4172
8523	4173
7861	4183
1526	4186
8347	4187
5662	4190
7280	4191
8014	4194
8578	4195
7984	4196
2016	4200
1345	4201
6905	4207
3157	4208
684	4210
7170	4215
6151	4218
1291	4219
1294	4222
1303	4226
6308	4229
3006	4231
1737	4232
6664	4233
5592	4235
5303	4239
7778	4240
7355	4243
7210	4249
1318	4250
1302	4252
6016	4253
4871	4254
8260	4255
3744	4259
1334	4260
5513	4262
2411	4263
1335	4269
5542	4273
6097	4277
7955	4279
4782	4282
1344	4288
3349	4289
1943	4291
3858	4294
6455	4295
3249	4299
7406	4300
6732	4302
8371	4303
2589	4304
3183	4305
2213	4306
1516	4308
4736	4323
3518	4326
1425	4334
7788	4339
3298	4344
4275	4346
3656	4347
7815	4348
1430	4349
8569	4358
2744	4359
5467	4361
4453	4363
4920	4366
2086	4374
8583	4378
8577	4379
7193	4384
1262	4386
1457	4388
4490	4390
7973	4391
5862	4392
7174	4394
1451	4396
455	4397
1462	4398
2554	4400
1460	4407
7211	4412
6762	4415
6143	4416
6908	4421
6860	4424
7968	4427
7610	4428
8001	4441
3315	4444
4181	4445
6778	4450
2803	4460
3335	4461
3640	4470
8318	4473
7006	4476
1586	4477
7159	4478
7687	4479
3442	4481
4625	4482
4888	4487
5925	4488
4021	4489
2180	4490
2723	4491
1604	4492
5613	4496
7074	4502
3860	4504
2278	4507
2530	4511
5275	4513
1448	4518
2772	4519
6018	4524
8437	4526
7429	4538
7766	4545
6932	4551
7345	4552
7953	4555
3637	4558
8122	4561
1667	4565
7031	4587
6889	4588
5671	4589
8101	4591
4372	4592
5109	4598
4752	4603
2903	4604
6007	4612
6303	4614
1847	4615
7049	4621
6033	4622
6292	4628
8046	4633
3826	4635
4519	4636
5760	4637
1932	4643
5064	4646
4686	4649
6263	4650
7421	4651
6370	4658
7437	4664
7232	4667
5776	4669
4091	4670
2998	4671
7890	4678
7249	4685
7139	4690
1868	4693
4183	4699
4875	4704
7943	4713
5995	4718
5788	4719
8474	4721
5175	4723
3136	4724
3182	4726
7902	4729
6269	4738
1909	4739
984	4741
7579	4745
7977	4746
7418	4754
4540	4757
8468	4764
1676	4777
1633	4778
989	4787
8057	4796
7790	4797
8530	4798
2018	4800
7220	4809
7966	4810
7299	4814
2429	4820
2036	4823
2038	4824
7608	4825
5894	4833
3989	4838
7025	4841
172	4843
3987	4847
8507	4854
4133	4856
2090	4858
3790	4874
4946	4875
353	4889
7909	4894
2119	4895
7810	4904
5079	4909
6204	4930
7668	4937
3308	4946
2182	4950
5219	4954
7812	4955
5390	4960
2520	4963
5203	4967
2596	4969
7039	4970
246	4974
6345	4981
7737	4984
2627	4985
8592	4990
2242	4991
6177	4998
6606	5004
2831	5009
3615	5014
4501	5015
2315	5028
5108	5034
2318	5040
3398	5042
3206	5050
5933	5052
8367	5057
2367	5065
2375	5070
2412	5076
5392	5078
7363	5089
4806	5099
7799	5101
2443	5104
5026	5111
2922	5113
8098	5139
3047	5140
8332	5143
8356	5144
6025	5158
3905	5168
6142	5173
5584	5177
7125	5191
3540	5192
2578	5193
6835	5201
3683	5203
2585	5204
4457	5206
7954	5212
8215	5220
5483	5223
6935	5233
7247	5238
6893	5242
3151	5245
4913	5248
7776	5249
7241	5252
4049	5253
5850	5259
8570	5261
5596	5264
4828	5268
4996	5270
5325	5277
8450	5278
3880	5279
5983	5291
8580	5302
3908	5309
5025	5310
5159	5313
6062	5318
3277	5324
7839	5333
3681	5341
7022	5345
2761	5348
2581	5353
8024	5358
2785	5360
2656	5376
5636	5377
7970	5384
7000	5388
2674	5390
8239	5397
2889	5433
8653	5449
2898	5458
8602	5460
1584	5474
2925	5476
5770	5479
8446	5483
4612	5484
6631	5486
8283	5490
3490	5494
6165	5496
6217	5502
6721	5503
7925	5507
8196	5513
3001	5533
4414	5537
4055	5542
5324	5553
6297	5554
8205	5562
3077	5563
7775	5576
3813	5588
3124	5594
3977	5607
881	5609
3141	5610
8200	5611
7262	5616
8079	5618
1263	5624
3190	5628
3159	5629
3208	5631
5425	5636
7656	5638
7397	5643
6199	5653
3218	5655
3267	5673
3130	5682
5421	5684
5657	5685
5161	5693
7831	5694
3334	5702
7980	5708
8498	5712
7747	5715
8443	5721
3392	5726
2825	5732
5753	5733
3406	5744
1183	5746
3410	5767
2989	5775
4192	5776
8596	5781
6525	5786
3491	5798
3344	5799
2818	5806
3546	5822
8127	5827
8600	5833
6473	5834
6682	5843
3558	5845
7965	5848
4088	5855
5947	5860
5358	5861
7784	5867
5725	5879
7906	5884
7615	5890
3680	5903
5981	5904
2144	5906
7720	5916
5048	5930
3726	5939
4992	5941
3579	5943
4691	5944
6324	5960
7703	5963
6335	5972
3823	5974
3842	5975
5305	5991
3879	5997
5386	6004
243	6006
8015	6009
4584	6018
4266	6019
5233	6020
4932	6024
5550	6035
4504	6053
7990	6057
5829	6061
8211	6073
8702	6074
3993	6075
8389	6084
4178	6089
4039	6093
4541	6100
8144	6107
4090	6111
4093	6117
6368	6131
7234	6133
4127	6141
4123	6142
3983	6146
7011	6156
8255	6164
6609	6181
7699	6183
4568	6189
4224	6211
7534	6222
5283	6232
4262	6241
7318	6248
4827	6251
7086	6260
316	6273
5529	6278
4346	6286
4796	6302
5234	6309
4226	6329
4296	6335
5580	6344
6975	6348
6408	6387
4569	6401
4567	6407
5122	6413
6528	6417
7964	6419
4585	6420
4613	6444
8128	6449
5350	6466
1162	6472
5695	6486
5181	6488
8145	6491
6549	6496
7464	6498
4725	6500
7388	6504
5582	6506
5157	6513
4744	6533
4971	6534
7719	6535
8380	6554
7999	6560
8574	6566
4839	6568
4854	6569
5424	6571
8429	6575
6222	6584
4756	6587
8163	6591
6172	6601
6205	6608
4941	6622
7282	6657
4934	6689
8673	6691
5051	6695
5069	6696
7502	6700
7786	6701
5091	6709
3150	6715
5114	6718
1264	6724
7898	6763
8666	6782
6111	6787
5215	6794
4533	6805
5237	6806
5055	6807
2910	6820
8696	6829
5308	6836
8173	6845
4895	6852
5371	6862
5407	6871
6137	6908
5496	6919
6277	6920
5545	6930
5423	6931
5601	6955
7717	6976
5667	6987
6276	7023
6798	7024
5640	7032
5740	7041
5773	7059
5780	7061
5791	7073
5789	7080
6891	7086
5685	7101
5683	7102
5726	7105
1555	7108
5827	7110
5836	7112
5812	7113
8062	7118
5883	7135
5879	7138
7768	7145
6228	7161
6722	7170
8002	7172
6005	7177
6028	7201
26	7209
4073	7215
5978	7229
7881	7249
6145	7267
6159	7277
6157	7279
5609	7281
6971	7303
6955	7307
6153	7330
6243	7336
6250	7339
6605	7351
6388	7378
6355	7380
6354	7381
6479	7423
6500	7438
6507	7447
6527	7472
585	7480
6563	7504
7093	7515
6674	7536
1947	7540
3745	7552
7451	7563
8106	7565
6627	7568
8541	7579
8678	7580
6780	7593
6831	7599
7305	7623
4004	7646
6904	7647
7098	7689
6986	7696
7217	7703
7394	7711
7045	7735
8319	7745
8409	7768
7147	7780
7145	7781
7956	7810
7190	7812
7227	7852
8398	7864
7259	7871
5282	7878
8469	7884
8448	7894
7362	7911
7365	7912
7658	7913
7380	7920
8426	7921
2983	7933
7423	7950
7446	7951
7448	7957
7467	7958
7488	7970
7744	7978
7529	7988
7470	8007
7570	8011
7576	8013
8339	8080
7734	8095
7735	8124
8097	8171
8140	8219
4824	8221
8597	8229
7991	8254
8217	8261
7759	8272
8067	8293
8091	8317
8209	8334
8139	8339
8136	8340
8150	8342
8207	8379
8655	8388
8236	8393
5130	8415
4305	8483
8410	8519
8438	8534
8483	8568
8613	8668
8581	8692
8690	8710
8691	8711
