991	9374
1	2
1	16
1	23
1	32
1	33
1	37
1	41
1	82
1	130
1	142
1	177
1	178
1	206
1	232
1	267
1	308
1	359
1	362
1	430
1	474
2	1
2	16
2	23
2	32
2	33
2	37
2	41
2	82
2	130
2	142
2	177
2	178
2	206
2	232
2	267
2	274
2	308
2	359
2	362
2	430
2	469
2	474
2	667
3	4
3	5
3	6
3	12
3	13
3	14
3	24
3	29
3	42
3	52
3	93
3	148
3	154
3	375
3	565
3	890
4	3
4	5
4	6
4	12
4	13
4	14
4	24
4	29
4	42
4	52
4	93
4	148
4	154
4	375
4	565
4	773
4	890
5	3
5	4
5	6
5	12
5	13
5	14
5	24
5	29
5	42
5	52
5	93
5	148
5	154
5	375
5	663
5	773
6	3
6	4
6	5
6	12
6	13
6	14
6	24
6	29
6	42
6	52
6	93
6	148
6	154
6	375
6	663
6	755
6	773
7	8
7	9
7	10
7	11
7	15
7	19
7	20
7	55
7	56
7	57
7	64
7	844
8	7
8	9
8	10
8	11
8	15
8	19
8	20
8	55
8	56
8	57
8	64
8	844
9	7
9	8
9	10
9	11
9	15
9	19
9	20
9	55
9	56
9	57
9	64
9	844
10	7
10	8
10	9
10	11
10	15
10	19
10	20
10	55
10	56
10	57
10	64
11	7
11	8
11	9
11	10
11	15
11	19
11	20
11	55
11	56
11	57
11	64
12	3
12	4
12	5
12	6
12	13
12	14
12	24
12	29
12	42
12	52
12	93
12	148
12	154
12	375
13	3
13	4
13	5
13	6
13	12
13	14
13	24
13	29
13	42
13	52
13	93
13	148
13	154
13	565
13	755
14	3
14	4
14	5
14	6
14	12
14	13
14	24
14	29
14	42
14	52
14	93
14	148
14	154
14	755
15	7
15	8
15	9
15	10
15	11
15	19
15	20
15	55
15	56
15	57
15	64
15	614
16	1
16	2
16	23
16	32
16	33
16	37
16	41
16	82
16	130
16	142
16	177
16	178
16	206
16	232
16	267
16	274
16	308
16	359
16	362
16	430
16	474
16	479
16	586
17	18
17	36
17	66
17	67
17	71
17	83
17	88
17	100
17	106
17	147
17	231
17	352
17	353
17	447
17	487
17	523
18	17
18	35
18	66
18	67
18	71
18	83
18	88
18	100
18	106
18	147
18	231
18	352
18	353
18	447
18	487
18	523
19	7
19	8
19	9
19	10
19	11
19	15
19	20
19	55
19	56
19	57
19	64
19	614
19	780
20	7
20	8
20	9
20	10
20	11
20	15
20	19
20	55
20	56
20	57
20	64
20	614
20	780
21	22
21	27
21	38
21	45
21	72
21	84
21	87
21	118
21	164
21	180
21	233
21	266
21	355
21	608
22	21
22	27
22	38
22	45
22	72
22	84
22	87
22	118
22	164
22	180
22	233
22	266
22	355
23	1
23	2
23	16
23	32
23	33
23	37
23	41
23	82
23	130
23	142
23	177
23	178
23	206
23	232
23	267
23	308
23	359
23	362
23	430
23	433
23	469
23	474
23	497
23	586
23	667
24	3
24	4
24	5
24	6
24	12
24	13
24	14
24	29
24	42
24	52
24	148
24	154
24	375
25	26
25	28
25	39
25	40
25	43
25	48
25	49
25	65
25	105
25	111
25	115
25	141
25	210
25	241
25	348
25	493
26	25
26	28
26	34
26	39
26	40
26	43
26	48
26	49
26	65
26	105
26	111
26	115
26	141
26	210
26	241
26	314
26	348
26	493
26	557
27	21
27	22
27	38
27	45
27	72
27	84
27	87
27	118
27	164
27	180
27	233
27	266
27	355
27	655
27	719
28	25
28	26
28	39
28	43
28	48
28	49
28	65
28	105
28	111
28	115
28	141
28	210
28	241
28	493
29	3
29	4
29	5
29	6
29	12
29	13
29	14
29	24
29	42
29	52
29	93
29	148
29	375
29	565
30	31
30	34
30	40
30	44
30	53
30	99
30	126
30	287
30	297
30	344
30	380
30	453
30	461
30	557
30	563
30	571
30	578
30	677
31	30
31	34
31	40
31	44
31	53
31	99
31	126
31	287
31	297
31	344
31	380
31	453
31	461
31	563
31	571
31	578
32	1
32	2
32	16
32	23
32	33
32	37
32	41
32	82
32	130
32	177
32	178
32	232
32	267
32	359
32	362
32	430
32	474
33	1
33	2
33	16
33	23
33	32
33	37
33	41
33	82
33	130
33	142
33	177
33	178
33	232
33	267
33	359
33	362
33	430
33	433
33	474
33	756
34	26
34	30
34	31
34	39
34	40
34	44
34	53
34	99
34	126
34	210
34	287
34	297
34	344
34	380
34	382
34	453
34	461
34	557
34	563
34	571
34	578
34	677
34	924
35	18
35	36
35	121
35	122
35	129
35	143
35	144
35	147
35	151
35	152
35	153
35	168
35	186
35	187
35	201
35	207
35	229
35	230
35	231
35	299
35	327
35	328
35	336
35	347
35	352
35	353
35	368
35	372
35	404
35	406
35	438
35	447
35	450
35	482
35	483
35	487
35	611
35	657
36	17
36	35
36	100
36	121
36	122
36	129
36	143
36	144
36	147
36	151
36	152
36	153
36	168
36	186
36	187
36	201
36	207
36	229
36	230
36	231
36	299
36	327
36	328
36	336
36	347
36	352
36	368
36	372
36	373
36	404
36	406
36	438
36	447
36	450
36	473
36	482
36	483
36	487
36	574
36	580
36	611
36	657
36	783
37	1
37	2
37	16
37	23
37	32
37	33
37	41
37	82
37	130
37	142
37	177
37	178
37	206
37	232
37	267
37	274
37	308
37	359
37	362
37	430
37	468
37	469
37	474
37	479
37	497
37	586
37	646
37	694
38	21
38	22
38	27
38	45
38	72
38	84
38	87
38	118
38	164
38	180
38	233
38	355
38	655
39	25
39	26
39	28
39	34
39	43
39	48
39	49
39	65
39	105
39	111
39	115
39	141
39	210
39	241
39	348
39	557
40	25
40	26
40	30
40	31
40	34
40	44
40	53
40	99
40	126
40	210
40	287
40	297
40	344
40	380
40	382
40	453
40	461
40	493
40	557
40	563
40	578
40	924
41	1
41	2
41	16
41	23
41	32
41	33
41	37
41	82
41	130
41	142
41	158
41	177
41	178
41	206
41	208
41	232
41	267
41	274
41	308
41	359
41	362
41	430
41	433
41	474
41	590
41	756
42	3
42	4
42	5
42	6
42	12
42	13
42	14
42	24
42	29
42	52
42	93
42	148
42	301
42	302
42	375
42	391
42	663
43	25
43	26
43	28
43	39
43	48
43	49
43	65
43	105
43	111
43	115
43	210
43	241
43	348
43	493
43	557
44	30
44	31
44	34
44	40
44	53
44	99
44	126
44	287
44	297
44	380
44	382
44	453
44	461
44	563
44	571
44	578
45	21
45	22
45	27
45	38
45	72
45	84
45	87
45	118
45	164
45	180
45	233
45	266
45	678
46	47
46	54
46	73
46	81
46	379
46	526
46	527
46	546
46	547
46	548
46	549
46	550
46	551
46	556
46	561
46	573
46	709
46	729
46	835
46	850
47	46
47	54
47	73
47	81
47	379
47	526
47	527
47	546
47	547
47	548
47	549
47	550
47	551
47	556
47	561
47	573
47	709
47	729
47	835
48	25
48	26
48	28
48	39
48	43
48	49
48	65
48	105
48	111
48	115
48	141
48	210
48	241
48	245
48	246
48	262
48	314
48	348
48	539
48	540
48	557
48	682
48	832
49	25
49	26
49	28
49	39
49	43
49	48
49	65
49	105
49	111
49	115
49	141
49	245
49	246
49	262
49	314
49	348
49	539
49	540
49	682
50	51
50	63
50	68
50	92
50	150
50	196
50	250
50	356
50	424
50	457
50	466
50	567
50	695
50	831
51	50
51	63
51	68
51	92
51	150
51	196
51	250
51	356
51	424
51	457
51	567
51	695
51	831
52	3
52	4
52	5
52	6
52	12
52	13
52	14
52	24
52	29
52	42
52	93
52	154
52	773
53	30
53	31
53	34
53	40
53	44
53	99
53	126
53	287
53	297
53	344
53	380
53	382
53	453
53	461
53	571
53	578
53	924
54	46
54	47
54	73
54	81
54	379
54	526
54	527
54	546
54	547
54	548
54	549
54	550
54	551
54	556
54	561
54	573
54	709
54	835
54	850
55	7
55	8
55	9
55	10
55	11
55	15
55	19
55	20
55	57
55	64
56	7
56	8
56	9
56	10
56	11
56	15
56	19
56	20
56	57
56	64
57	7
57	8
57	9
57	10
57	11
57	15
57	19
57	20
57	55
57	56
58	59
58	60
58	61
58	62
58	112
58	113
58	338
59	58
59	60
59	61
59	62
59	112
59	113
59	338
60	58
60	59
60	61
60	62
60	112
60	113
60	338
61	58
61	59
61	60
61	62
61	112
61	113
61	338
62	58
62	59
62	60
62	61
62	112
62	113
62	338
63	50
63	51
63	68
63	92
63	150
63	196
63	250
63	356
63	424
63	457
63	466
63	567
64	7
64	8
64	9
64	10
64	11
64	15
64	19
64	20
64	55
64	56
65	25
65	26
65	28
65	39
65	43
65	48
65	49
65	105
65	111
65	141
65	210
65	241
65	493
65	557
66	17
66	18
66	67
66	71
66	83
66	88
66	100
66	106
66	147
66	231
66	352
66	447
66	450
66	523
67	17
67	18
67	66
67	71
67	83
67	88
67	100
67	106
67	147
67	231
67	352
67	447
67	450
67	487
68	50
68	51
68	63
68	92
68	150
68	196
68	250
68	424
68	457
68	466
68	567
68	695
69	70
69	74
69	75
69	76
69	77
69	78
70	69
70	74
70	75
70	76
70	77
70	78
71	17
71	18
71	66
71	67
71	83
71	88
71	100
71	106
71	147
71	231
71	352
71	353
71	450
71	487
71	523
71	671
72	21
72	22
72	27
72	38
72	45
72	84
72	87
72	118
72	164
72	180
72	266
72	439
72	440
72	678
73	46
73	47
73	54
73	81
73	379
73	527
73	546
73	547
73	548
73	549
73	550
73	551
73	556
73	561
73	573
73	709
73	729
74	69
74	70
74	75
74	76
74	77
74	78
75	69
75	70
75	74
75	76
75	77
75	78
76	69
76	70
76	74
76	75
76	77
76	78
77	69
77	70
77	74
77	75
77	76
77	78
78	69
78	70
78	74
78	75
78	76
78	77
79	80
79	94
79	155
79	156
79	157
79	184
79	185
79	192
79	193
79	194
79	195
79	234
79	235
79	242
79	281
79	323
79	324
79	351
79	354
79	387
79	407
79	456
79	488
79	530
79	533
79	569
79	584
79	592
79	624
79	658
79	662
79	775
79	902
80	79
80	94
80	155
80	156
80	157
80	184
80	185
80	192
80	193
80	194
80	195
80	234
80	235
80	242
80	281
80	296
80	323
80	324
80	330
80	351
80	354
80	374
80	387
80	407
80	488
80	502
80	519
80	530
80	533
80	569
80	587
80	592
80	624
80	637
80	658
80	662
80	733
80	782
80	902
81	46
81	47
81	54
81	73
81	379
81	526
81	546
81	547
81	548
81	549
81	550
81	551
81	556
81	561
81	573
81	729
81	850
82	1
82	2
82	16
82	23
82	32
82	33
82	37
82	41
82	130
82	142
82	158
82	177
82	178
82	206
82	208
82	232
82	267
82	308
82	359
82	362
82	410
82	430
82	433
82	434
82	443
82	469
82	554
82	586
82	590
82	667
82	694
82	756
83	17
83	18
83	66
83	67
83	71
83	88
83	100
83	106
83	147
83	231
83	352
83	353
83	450
83	505
84	21
84	22
84	27
84	38
84	45
84	72
84	87
84	118
84	164
84	180
84	233
84	266
84	275
84	355
84	454
84	495
84	608
84	622
84	655
84	678
85	86
85	89
85	95
85	98
85	174
85	175
85	345
85	425
86	85
86	89
86	95
86	98
86	174
86	175
86	345
86	425
87	21
87	22
87	27
87	38
87	45
87	72
87	84
87	118
87	180
87	233
87	266
87	655
88	17
88	18
88	66
88	67
88	71
88	83
88	100
88	106
88	147
88	231
88	352
89	85
89	86
89	95
89	98
89	174
89	175
89	345
89	425
90	91
90	137
90	183
90	260
90	261
90	275
90	400
90	444
90	607
90	613
90	635
90	713
91	90
91	137
91	173
91	183
91	260
91	261
91	275
91	400
91	444
91	613
91	635
91	713
92	50
92	51
92	63
92	68
92	150
92	196
92	250
92	356
92	424
92	466
92	695
92	831
93	3
93	4
93	5
93	6
93	12
93	13
93	14
93	29
93	42
93	52
93	154
93	375
93	663
94	79
94	80
94	145
94	146
94	155
94	156
94	157
94	184
94	185
94	192
94	193
94	194
94	195
94	198
94	234
94	235
94	242
94	281
94	296
94	323
94	324
94	330
94	351
94	354
94	374
94	381
94	387
94	488
94	502
94	519
94	530
94	531
94	560
94	569
94	584
94	592
94	594
94	624
94	637
94	647
94	658
94	662
94	733
94	736
94	782
94	784
94	818
94	902
95	85
95	86
95	89
95	98
95	174
95	175
95	345
96	97
96	114
96	128
96	162
96	176
96	247
96	390
96	439
96	467
96	583
96	787
97	96
97	114
97	128
97	162
97	176
97	247
97	390
97	467
97	583
97	787
98	85
98	86
98	89
98	95
98	174
98	175
98	345
98	425
99	30
99	31
99	34
99	40
99	44
99	53
99	126
99	287
99	297
99	380
99	382
99	453
99	563
100	17
100	18
100	36
100	66
100	67
100	71
100	83
100	88
100	106
100	147
100	352
100	447
101	102
101	120
101	163
101	197
101	293
101	298
101	356
101	432
101	457
101	458
101	466
101	596
101	834
102	101
102	120
102	163
102	197
102	293
102	298
102	356
102	432
102	441
102	457
102	458
102	466
102	596
103	104
103	140
103	167
103	213
103	425
103	431
103	437
103	455
103	558
103	566
103	572
103	577
103	679
103	704
103	707
103	731
103	732
103	807
103	815
103	827
103	843
103	861
104	103
104	140
104	167
104	186
104	213
104	425
104	431
104	437
104	455
104	558
104	566
104	572
104	577
104	679
104	704
104	707
104	731
104	732
104	807
104	830
104	843
104	861
104	953
105	25
105	26
105	28
105	39
105	43
105	48
105	49
105	65
105	111
105	210
105	493
105	557
106	17
106	18
106	66
106	67
106	71
106	83
106	88
106	100
106	231
106	352
106	353
107	108
107	109
107	110
107	415
107	416
107	417
107	418
108	107
108	109
108	110
108	415
108	416
108	417
108	418
109	107
109	108
109	110
109	415
109	416
109	417
109	418
110	107
110	108
110	109
110	415
110	416
110	417
110	418
111	25
111	26
111	28
111	39
111	43
111	48
111	49
111	65
111	105
111	115
111	241
111	557
112	58
112	59
112	60
112	61
112	62
112	113
113	58
113	59
113	60
113	61
113	62
113	112
114	96
114	97
114	128
114	162
114	176
114	247
114	390
114	467
114	787
115	25
115	26
115	28
115	39
115	43
115	48
115	49
115	111
115	141
115	210
115	241
115	245
115	246
115	262
115	314
115	348
115	439
115	493
115	539
115	682
116	117
116	119
116	133
116	216
116	218
116	305
116	322
116	477
117	116
117	119
117	133
117	216
117	218
117	305
117	322
117	477
118	21
118	22
118	27
118	38
118	45
118	72
118	84
118	87
118	164
118	180
118	233
118	266
118	355
118	376
118	377
118	439
118	440
118	495
118	608
118	622
118	655
118	719
118	916
119	116
119	117
119	133
119	216
119	218
119	305
119	322
120	101
120	102
120	163
120	197
120	298
120	356
120	432
120	441
120	457
120	458
120	466
120	596
120	787
121	35
121	36
121	122
121	129
121	201
121	207
121	229
121	230
121	299
121	327
121	328
121	372
121	373
121	404
121	473
121	482
121	749
122	35
122	36
122	121
122	129
122	201
122	207
122	229
122	230
122	299
122	372
122	373
122	404
122	450
122	473
122	482
122	657
122	749
122	783
123	124
123	125
123	127
123	244
123	265
123	394
124	123
124	125
124	127
124	244
124	265
124	394
125	123
125	124
125	127
125	244
125	265
125	394
126	30
126	31
126	34
126	40
126	44
126	53
126	99
126	287
126	297
126	344
126	461
126	557
126	571
126	677
127	123
127	124
127	125
127	244
127	265
127	394
127	419
128	96
128	97
128	114
128	162
128	176
128	247
128	390
128	439
128	467
128	495
128	583
128	739
129	35
129	36
129	121
129	122
129	201
129	207
129	229
129	230
129	299
129	328
129	373
129	404
129	406
129	473
129	657
129	749
129	783
129	943
130	1
130	2
130	16
130	23
130	32
130	33
130	37
130	41
130	82
130	142
130	177
130	178
130	232
130	267
130	308
131	132
131	165
131	166
131	172
131	173
131	268
131	491
131	515
131	619
132	131
132	165
132	166
132	172
132	173
132	268
132	491
132	515
132	619
133	116
133	117
133	119
133	202
133	203
133	216
133	218
133	305
133	322
133	477
134	135
134	136
134	253
134	263
134	337
134	346
135	134
135	136
135	253
135	263
135	337
135	346
136	134
136	135
136	253
136	263
136	337
136	346
137	90
137	91
137	183
137	260
137	261
137	275
137	444
137	613
137	635
138	139
138	143
138	144
138	153
138	168
138	326
138	438
138	475
139	138
139	143
139	144
139	153
139	168
139	326
139	438
139	475
140	103
140	104
140	167
140	213
140	431
140	437
140	455
140	558
140	566
140	572
140	577
140	704
140	707
140	731
140	732
140	807
140	815
140	827
140	830
140	843
141	25
141	26
141	28
141	39
141	48
141	49
141	65
141	115
141	210
141	241
141	245
141	246
141	262
141	314
141	348
141	493
141	832
142	1
142	2
142	16
142	23
142	33
142	37
142	41
142	82
142	130
142	178
142	206
142	232
142	267
142	359
142	362
142	694
143	35
143	36
143	138
143	139
143	144
143	151
143	152
143	153
143	168
143	186
143	187
143	201
143	326
143	336
143	372
143	475
143	487
143	523
143	580
144	35
144	36
144	138
144	139
144	143
144	151
144	152
144	153
144	168
144	186
144	187
144	201
144	326
144	336
144	352
144	438
144	450
144	475
145	94
145	146
145	149
145	155
145	184
145	185
145	198
145	234
145	235
145	296
145	330
145	351
145	369
145	374
145	381
145	407
145	463
145	502
145	531
145	533
145	541
145	560
145	584
145	662
145	733
145	736
145	818
145	922
146	94
146	145
146	149
146	155
146	184
146	185
146	198
146	235
146	296
146	330
146	351
146	369
146	374
146	381
146	463
146	531
146	533
146	542
146	560
146	594
146	662
146	818
147	17
147	18
147	35
147	36
147	66
147	67
147	71
147	83
147	88
147	100
147	201
147	231
147	352
147	353
147	372
147	373
147	450
147	475
147	487
147	504
147	505
147	523
148	3
148	4
148	5
148	6
148	12
148	13
148	14
148	24
148	29
148	42
148	375
148	565
148	623
148	730
148	740
148	755
149	145
149	146
149	155
149	184
149	185
149	198
149	234
149	235
149	296
149	330
149	351
149	369
149	374
149	381
149	407
149	463
149	488
149	502
149	519
149	560
149	584
149	629
149	733
149	736
149	784
149	988
150	50
150	51
150	63
150	68
150	92
150	196
150	250
150	356
150	457
150	466
151	35
151	36
151	143
151	144
151	152
151	153
151	168
151	186
151	187
151	201
151	352
151	368
151	438
151	447
151	611
152	35
152	36
152	143
152	144
152	151
152	153
152	168
152	186
152	187
152	201
152	327
152	336
152	352
152	368
152	438
152	574
152	611
153	35
153	36
153	138
153	139
153	143
153	144
153	151
153	152
153	168
153	186
153	187
153	201
153	326
153	327
153	336
153	352
153	372
153	373
153	406
153	438
153	447
153	450
153	475
153	487
153	523
153	574
153	580
154	3
154	4
154	5
154	6
154	12
154	13
154	14
154	24
154	52
154	93
154	375
154	663
155	79
155	80
155	94
155	145
155	146
155	149
155	157
155	184
155	185
155	192
155	193
155	194
155	195
155	198
155	234
155	235
155	242
155	281
155	296
155	323
155	330
155	351
155	369
155	374
155	387
155	407
155	502
155	519
155	530
155	533
155	569
155	582
155	592
155	594
155	624
155	658
155	733
155	784
155	902
156	79
156	80
156	94
156	157
156	184
156	185
156	192
156	194
156	195
156	235
156	242
156	281
156	296
156	351
156	354
156	374
156	387
156	407
156	488
156	519
156	530
156	533
156	569
156	584
156	592
156	594
156	624
156	662
156	733
156	736
156	782
156	784
157	79
157	80
157	94
157	155
157	156
157	184
157	185
157	192
157	194
157	195
157	235
157	242
157	281
157	296
157	323
157	324
157	351
157	354
157	369
157	374
157	407
157	519
157	530
157	569
157	582
157	584
157	592
157	594
157	637
157	658
157	662
157	782
157	950
158	41
158	82
158	159
158	208
158	274
158	308
158	433
158	434
158	443
158	470
158	554
158	590
159	158
159	208
159	232
159	274
159	308
159	433
159	434
159	443
159	470
159	554
159	590
159	756
160	161
160	179
160	180
160	219
160	266
160	276
160	409
160	498
160	503
160	557
160	787
161	160
161	179
161	219
161	266
161	276
161	409
161	439
161	498
161	503
161	557
161	608
162	96
162	97
162	114
162	128
162	176
162	247
162	467
162	583
163	101
163	102
163	120
163	197
163	293
163	298
163	356
163	432
163	441
163	457
163	787
164	21
164	22
164	27
164	38
164	45
164	72
164	84
164	118
164	180
164	233
164	355
164	376
164	495
164	678
164	719
164	916
165	131
165	132
165	166
165	169
165	172
165	173
165	203
165	268
165	300
165	339
165	451
165	639
165	803
165	804
166	131
166	132
166	165
166	169
166	172
166	173
166	183
166	203
166	268
166	275
166	300
166	339
166	451
166	495
166	639
166	795
166	804
167	103
167	104
167	140
167	186
167	213
167	437
167	455
167	558
167	566
167	572
167	577
167	679
167	704
167	707
167	731
167	732
167	827
167	830
167	861
168	35
168	36
168	138
168	139
168	143
168	144
168	151
168	152
168	153
168	201
168	326
168	336
168	475
168	523
168	574
168	580
169	165
169	166
169	170
169	171
169	172
169	173
169	182
169	220
169	227
169	240
169	279
169	325
169	333
169	334
169	367
169	371
169	386
169	401
169	402
169	403
169	481
169	492
169	530
169	538
169	606
169	607
169	612
169	617
169	621
169	636
169	640
169	644
169	676
169	687
169	692
169	696
169	742
169	744
169	752
169	791
169	837
169	926
169	936
169	962
170	169
170	171
170	181
170	182
170	220
170	227
170	240
170	279
170	285
170	325
170	333
170	334
170	367
170	371
170	375
170	386
170	401
170	402
170	403
170	481
170	482
170	492
170	525
170	530
170	538
170	570
170	605
170	606
170	607
170	612
170	617
170	621
170	636
170	640
170	644
170	647
170	660
170	666
170	676
170	687
170	692
170	696
170	734
170	738
170	742
170	744
170	752
170	754
170	759
170	792
170	837
170	936
171	169
171	170
171	181
171	182
171	220
171	227
171	240
171	279
171	285
171	325
171	333
171	334
171	371
171	386
171	401
171	402
171	403
171	492
171	524
171	525
171	530
171	538
171	570
171	605
171	612
171	617
171	621
171	640
171	644
171	660
171	666
171	734
171	759
171	792
172	131
172	132
172	165
172	166
172	169
172	173
172	260
172	268
172	275
172	451
172	639
172	795
172	803
173	91
173	131
173	132
173	165
173	166
173	169
173	172
173	183
173	260
173	268
173	275
173	339
173	451
173	491
173	639
173	795
173	803
173	804
174	85
174	86
174	89
174	95
174	98
174	175
175	85
175	86
175	89
175	95
175	98
175	174
176	96
176	97
176	114
176	128
176	162
176	247
176	467
177	1
177	2
177	16
177	23
177	32
177	33
177	37
177	41
177	82
177	130
177	178
177	206
177	308
177	433
177	443
177	554
177	586
177	694
178	1
178	2
178	16
178	23
178	32
178	33
178	37
178	41
178	82
178	130
178	142
178	177
178	206
178	208
178	274
178	308
178	468
178	469
178	479
178	497
178	586
178	667
178	694
179	160
179	161
179	180
179	219
179	266
179	276
179	409
179	439
179	503
179	557
180	21
180	22
180	27
180	38
180	45
180	72
180	84
180	87
180	118
180	160
180	164
180	179
180	219
180	266
180	276
180	355
180	439
180	495
180	503
180	916
181	170
181	171
181	182
181	220
181	227
181	240
181	279
181	285
181	325
181	333
181	334
181	371
181	386
181	401
181	402
181	403
181	647
181	742
182	169
182	170
182	171
182	181
182	220
182	227
182	240
182	279
182	285
182	325
182	333
182	334
182	371
182	386
182	401
182	402
182	403
182	530
182	605
182	607
182	660
182	759
182	772
183	90
183	91
183	137
183	166
183	173
183	260
183	261
183	275
183	444
183	607
183	613
184	79
184	80
184	94
184	145
184	146
184	149
184	155
184	156
184	157
184	185
184	192
184	193
184	194
184	195
184	198
184	234
184	235
184	242
184	296
184	330
184	351
184	354
184	369
184	374
184	381
184	407
184	488
184	530
184	533
184	541
184	542
184	544
184	569
184	584
184	592
184	594
184	624
184	629
184	662
184	715
185	79
185	80
185	94
185	145
185	146
185	149
185	155
185	156
185	157
185	184
185	194
185	195
185	198
185	234
185	235
185	242
185	296
185	323
185	324
185	330
185	351
185	374
185	407
185	502
185	530
185	541
185	544
185	560
185	569
185	584
185	592
185	624
185	736
186	35
186	36
186	104
186	143
186	144
186	151
186	152
186	153
186	167
186	187
186	201
186	336
186	352
186	368
186	431
186	437
186	447
186	523
186	580
186	611
187	35
187	36
187	143
187	144
187	151
187	152
187	153
187	186
187	201
187	336
187	352
187	368
187	447
187	487
187	523
187	574
187	580
188	189
188	209
188	217
188	304
188	445
189	188
189	209
189	217
189	304
189	445
189	809
190	191
190	236
190	237
190	264
190	349
190	350
190	397
190	594
191	190
191	236
191	237
191	264
191	349
191	350
191	397
191	708
192	79
192	80
192	94
192	155
192	156
192	157
192	184
192	193
192	194
192	195
192	235
192	281
192	296
192	323
192	324
192	351
192	354
192	374
192	387
192	456
192	488
192	502
192	530
192	533
192	541
192	544
192	569
192	582
192	594
192	624
192	662
192	715
192	816
192	902
193	79
193	80
193	94
193	155
193	184
193	192
193	194
193	195
193	235
193	242
193	281
193	296
193	324
193	351
193	354
193	374
193	387
193	407
193	456
193	488
193	502
193	519
193	530
193	533
193	544
193	569
193	582
193	594
193	624
193	647
193	658
193	660
193	718
193	733
193	782
193	784
194	79
194	80
194	94
194	155
194	156
194	157
194	184
194	185
194	192
194	193
194	195
194	234
194	242
194	281
194	296
194	323
194	324
194	354
194	369
194	387
194	456
194	530
194	637
195	79
195	80
195	94
195	155
195	156
195	157
195	184
195	185
195	192
195	193
195	194
195	234
195	235
195	242
195	281
195	296
195	323
195	324
195	369
195	374
195	407
195	456
195	519
195	530
195	544
195	582
195	775
196	50
196	51
196	63
196	68
196	92
196	150
196	248
196	249
196	250
196	329
196	356
196	424
196	446
196	457
196	466
196	477
196	567
196	727
197	101
197	102
197	120
197	163
197	293
197	298
197	356
197	432
197	441
197	457
197	466
197	468
197	576
197	596
197	787
197	834
197	934
198	94
198	145
198	146
198	149
198	155
198	184
198	185
198	234
198	235
198	330
198	351
198	369
198	374
198	381
198	387
198	407
198	463
198	488
198	502
198	519
198	531
198	541
198	542
198	544
198	560
198	582
198	584
198	594
198	628
198	629
198	662
198	736
198	816
198	818
199	200
199	221
199	258
199	259
199	602
200	199
200	221
200	258
200	259
200	450
200	602
201	35
201	36
201	121
201	122
201	129
201	143
201	144
201	147
201	151
201	152
201	153
201	168
201	186
201	187
201	207
201	229
201	230
201	327
201	352
201	368
201	404
201	438
201	447
201	482
201	483
201	523
201	574
201	580
201	611
201	863
202	133
202	203
202	280
202	300
202	339
202	427
202	490
202	545
202	606
202	676
202	687
202	709
202	718
202	742
202	744
202	788
202	791
202	836
203	133
203	165
203	166
203	202
203	280
203	300
203	339
203	427
203	490
203	545
203	606
203	676
203	687
203	709
203	718
203	744
203	788
203	791
204	205
204	214
204	215
204	273
204	360
204	634
204	882
205	204
205	214
205	215
205	273
205	360
205	634
205	882
206	1
206	2
206	16
206	23
206	37
206	41
206	82
206	142
206	177
206	178
206	232
206	267
206	359
206	362
206	430
206	433
207	35
207	36
207	121
207	122
207	129
207	201
207	229
207	230
207	299
207	347
207	352
207	372
207	404
207	482
207	483
207	657
207	783
207	943
208	41
208	82
208	158
208	159
208	178
208	274
208	308
208	410
208	433
208	434
208	443
208	470
208	554
208	686
209	188
209	189
209	217
209	304
209	445
210	25
210	26
210	28
210	34
210	39
210	40
210	43
210	48
210	65
210	105
210	115
210	141
210	348
211	212
211	243
211	315
211	428
211	442
211	579
211	618
211	720
211	951
212	211
212	243
212	315
212	428
212	442
212	579
212	720
213	103
213	104
213	140
213	167
213	425
213	431
213	437
213	455
213	558
213	566
213	572
213	577
213	679
213	815
214	204
214	205
214	215
214	273
214	360
215	204
215	205
215	214
215	273
215	360
216	116
216	117
216	119
216	133
216	218
216	322
217	188
217	189
217	209
217	304
217	445
217	809
218	116
218	117
218	119
218	133
218	216
218	305
219	160
219	161
219	179
219	180
219	266
219	276
219	409
219	439
219	498
219	678
219	787
220	169
220	170
220	171
220	181
220	182
220	227
220	240
220	279
220	325
220	334
220	367
220	371
220	403
220	481
220	492
220	524
220	525
220	530
220	538
220	606
220	612
220	617
220	621
220	636
220	640
220	644
220	647
220	666
220	676
220	687
220	692
220	734
220	738
220	742
220	837
220	854
221	199
221	200
221	258
221	259
221	450
221	602
222	223
222	224
222	251
222	252
222	575
223	222
223	224
223	251
223	252
223	575
224	222
224	223
224	251
224	252
224	575
225	226
225	228
225	363
225	364
225	652
225	653
225	654
225	708
225	879
225	880
226	225
226	228
226	363
226	364
226	652
226	653
226	654
226	708
226	879
226	880
227	169
227	170
227	171
227	181
227	182
227	220
227	240
227	279
227	285
227	333
227	334
227	367
227	403
227	481
227	492
227	525
227	530
227	538
227	570
227	606
227	607
227	617
227	640
227	644
227	647
227	687
227	692
227	734
227	752
227	772
227	792
227	936
228	225
228	226
228	363
228	364
228	652
228	653
228	654
229	35
229	36
229	121
229	122
229	129
229	201
229	207
229	230
229	231
229	299
229	372
229	450
229	473
229	483
229	749
230	35
230	36
230	121
230	122
230	129
230	201
230	207
230	229
230	299
230	373
230	473
231	17
231	18
231	35
231	36
231	66
231	67
231	71
231	83
231	88
231	106
231	147
231	229
231	317
231	318
231	347
231	352
231	353
231	372
231	447
231	450
231	487
231	504
231	505
231	523
231	587
231	589
231	671
232	1
232	2
232	16
232	23
232	32
232	33
232	37
232	41
232	82
232	130
232	142
232	159
232	206
232	274
232	308
232	586
233	21
233	22
233	27
233	38
233	45
233	84
233	87
233	118
233	164
234	79
234	80
234	94
234	145
234	149
234	155
234	184
234	185
234	194
234	195
234	198
234	235
234	242
234	281
234	296
234	323
234	324
234	330
234	354
234	369
234	374
234	381
234	407
234	488
234	502
234	519
234	530
234	544
234	560
234	569
234	624
234	647
234	658
234	736
234	784
234	818
234	922
235	79
235	80
235	94
235	145
235	146
235	149
235	155
235	156
235	157
235	184
235	185
235	192
235	193
235	195
235	198
235	234
235	281
235	296
235	324
235	351
235	354
235	369
235	374
235	387
235	463
235	488
235	502
235	533
235	541
235	542
235	544
235	560
235	569
235	582
235	592
235	594
235	733
235	736
236	190
236	191
236	237
236	264
236	397
236	699
236	700
236	708
237	190
237	191
237	236
237	264
237	397
237	699
237	700
238	239
238	272
238	340
238	400
238	493
238	557
238	583
238	697
239	238
239	272
239	340
239	400
239	493
239	557
239	583
239	697
239	947
240	169
240	170
240	171
240	181
240	182
240	220
240	227
240	279
240	285
240	325
240	334
240	367
240	371
240	386
240	403
240	530
240	621
240	759
240	837
241	25
241	26
241	28
241	39
241	43
241	48
241	65
241	111
241	115
241	141
242	79
242	80
242	94
242	155
242	156
242	157
242	184
242	185
242	193
242	194
242	195
242	234
242	296
242	351
242	354
242	387
242	456
242	584
243	211
243	212
243	315
243	428
243	442
243	579
243	618
243	720
243	896
243	951
244	123
244	124
244	125
244	127
244	265
244	419
245	48
245	49
245	115
245	141
245	246
245	262
245	314
245	348
246	48
246	49
246	115
246	141
246	245
246	262
246	314
247	96
247	97
247	114
247	128
247	162
247	176
247	355
247	390
247	454
247	467
247	495
247	583
247	608
247	622
247	741
248	196
248	249
248	329
248	446
248	457
248	466
248	477
249	196
249	248
249	329
249	356
249	446
249	457
249	466
249	477
249	727
250	50
250	51
250	63
250	68
250	92
250	150
250	196
251	222
251	223
251	224
251	252
252	222
252	223
252	224
252	251
253	134
253	135
253	136
253	263
253	337
254	255
254	335
254	378
254	408
254	631
254	685
254	702
254	705
254	805
255	254
255	335
255	378
255	408
255	631
255	685
255	702
255	705
255	862
256	257
256	294
256	295
256	383
256	630
257	256
257	294
257	295
257	383
257	630
258	199
258	200
258	221
258	259
258	450
259	199
259	200
259	221
259	258
260	90
260	91
260	137
260	172
260	173
260	183
260	261
260	275
260	927
261	90
261	91
261	137
261	183
261	260
261	275
261	927
262	48
262	49
262	115
262	141
262	245
262	246
262	314
262	540
262	832
263	134
263	135
263	136
263	253
263	346
264	190
264	191
264	236
264	237
264	349
264	350
264	594
265	123
265	124
265	125
265	127
265	244
265	411
265	412
265	419
265	494
266	21
266	22
266	27
266	45
266	72
266	84
266	87
266	118
266	160
266	161
266	179
266	180
266	219
266	276
266	409
266	503
266	678
266	787
267	1
267	2
267	16
267	23
267	32
267	33
267	37
267	41
267	82
267	130
267	142
267	206
267	497
267	586
267	694
268	131
268	132
268	165
268	166
268	172
268	173
268	451
268	515
269	270
269	271
269	484
269	485
270	269
270	271
270	484
270	485
271	269
271	270
271	484
271	485
272	238
272	239
272	340
272	400
272	493
272	557
273	204
273	205
273	214
273	215
273	634
274	2
274	16
274	37
274	41
274	158
274	159
274	178
274	208
274	232
274	308
274	433
274	434
274	443
274	470
274	590
274	756
275	84
275	90
275	91
275	137
275	166
275	172
275	173
275	183
275	260
275	261
275	355
275	377
275	400
275	444
275	454
275	495
275	608
275	635
275	713
276	160
276	161
276	179
276	180
276	219
276	266
276	498
276	557
277	278
277	286
277	306
277	307
277	510
277	841
277	842
277	855
278	277
278	286
278	306
278	307
278	510
278	841
278	842
278	855
279	169
279	170
279	171
279	181
279	182
279	220
279	227
279	240
279	285
279	325
279	333
279	334
279	371
279	401
279	402
279	481
279	492
279	530
279	570
279	606
279	617
279	621
279	692
279	734
279	752
279	772
280	202
280	203
280	300
280	339
280	427
280	490
280	542
280	545
280	676
280	687
280	709
280	718
280	742
281	79
281	80
281	94
281	155
281	156
281	157
281	192
281	193
281	194
281	195
281	234
281	235
281	330
281	351
281	354
281	374
281	387
281	407
281	488
281	502
281	519
281	533
281	582
281	592
281	594
281	733
281	736
281	784
282	283
282	284
282	499
282	500
282	501
283	282
283	284
283	499
283	500
283	501
284	282
284	283
284	499
284	500
284	501
285	170
285	171
285	181
285	182
285	227
285	240
285	279
285	325
285	333
285	334
285	367
285	401
285	481
285	492
285	525
285	530
285	538
285	605
285	606
285	607
285	612
285	617
285	621
285	640
285	660
285	666
285	687
285	701
285	734
285	752
285	754
286	277
286	278
286	306
286	307
286	510
287	30
287	31
287	34
287	40
287	44
287	53
287	99
287	126
287	344
288	289
288	290
288	303
288	506
288	838
289	288
289	290
289	303
289	506
290	288
290	289
290	303
290	506
291	292
291	562
291	564
291	595
291	632
292	291
292	562
292	564
292	595
292	632
292	686
293	101
293	102
293	163
293	197
293	298
293	356
293	441
293	457
293	466
293	596
294	256
294	257
294	295
294	383
295	256
295	257
295	294
295	383
296	80
296	94
296	145
296	146
296	149
296	155
296	156
296	157
296	184
296	185
296	192
296	193
296	194
296	195
296	234
296	235
296	242
296	324
296	330
296	351
296	369
296	387
296	456
296	502
296	519
296	531
296	541
296	542
296	544
296	560
296	582
296	584
296	594
297	30
297	31
297	34
297	40
297	44
297	53
297	99
297	126
297	557
297	677
298	101
298	102
298	120
298	163
298	197
298	293
298	356
298	458
299	35
299	36
299	121
299	122
299	129
299	207
299	229
299	230
299	328
299	352
300	165
300	166
300	202
300	203
300	280
300	339
300	427
300	490
300	545
300	606
300	687
300	786
301	42
301	302
301	316
301	391
301	555
302	42
302	301
302	316
302	391
302	555
302	852
303	288
303	289
303	290
303	506
303	838
304	188
304	189
304	209
304	217
305	116
305	117
305	119
305	133
305	218
306	277
306	278
306	286
306	307
307	277
307	278
307	286
307	306
308	1
308	2
308	16
308	23
308	37
308	41
308	82
308	130
308	158
308	159
308	177
308	178
308	208
308	232
308	274
308	362
308	410
308	433
308	434
308	443
308	469
308	470
308	554
308	590
308	686
308	756
309	310
309	311
309	421
309	476
309	496
310	309
310	311
310	421
310	476
311	309
311	310
311	421
311	476
312	313
312	365
312	366
312	370
312	452
312	665
313	312
313	365
313	366
313	370
313	452
313	665
313	874
314	26
314	48
314	49
314	115
314	141
314	245
314	246
314	262
314	439
314	539
314	540
314	682
315	211
315	212
315	243
315	428
315	442
316	301
316	302
316	391
316	555
317	231
317	318
317	353
317	450
317	478
317	589
317	594
317	625
317	671
317	688
317	691
317	877
317	901
318	231
318	317
318	353
318	450
318	478
318	589
318	594
318	625
318	688
318	691
318	901
319	320
319	321
319	462
319	506
320	319
320	321
320	462
320	506
321	319
321	320
321	462
321	506
322	116
322	117
322	119
322	133
322	216
323	79
323	80
323	94
323	155
323	157
323	185
323	192
323	194
323	195
323	234
323	324
323	351
323	374
323	387
323	407
323	456
323	488
323	502
323	519
323	530
323	541
323	542
323	584
323	637
323	647
323	715
323	736
323	775
323	784
323	812
323	816
323	903
323	922
324	79
324	80
324	94
324	157
324	185
324	192
324	193
324	194
324	195
324	234
324	235
324	296
324	323
324	351
324	374
324	407
324	456
324	488
324	502
324	530
324	533
324	541
324	542
324	560
324	587
324	624
324	637
324	647
324	660
324	733
324	775
325	169
325	170
325	171
325	181
325	182
325	220
325	240
325	279
325	285
325	333
325	386
325	401
325	403
325	481
325	492
325	525
325	530
325	570
325	612
325	640
325	666
325	692
325	772
325	926
326	138
326	139
326	143
326	144
326	153
326	168
327	35
327	36
327	121
327	152
327	153
327	201
327	328
327	347
327	352
327	368
327	372
327	373
327	406
327	447
327	450
327	771
327	949
328	35
328	36
328	121
328	129
328	299
328	327
328	347
328	352
328	368
328	372
328	373
328	406
328	447
328	487
328	958
329	196
329	248
329	249
329	356
329	457
329	466
329	477
329	727
330	80
330	94
330	145
330	146
330	149
330	155
330	184
330	185
330	198
330	234
330	281
330	296
330	369
330	381
330	387
330	463
330	531
331	332
331	502
331	505
331	520
331	538
331	614
331	633
331	644
331	673
331	724
331	742
331	788
331	792
331	941
331	955
332	331
332	502
332	505
332	520
332	538
332	614
332	633
332	644
332	724
332	736
332	742
332	941
332	955
333	169
333	170
333	171
333	181
333	182
333	227
333	279
333	285
333	325
333	367
333	386
333	388
333	389
333	481
333	492
333	496
333	524
333	525
333	530
333	532
333	538
333	606
333	607
333	612
333	617
333	621
333	636
333	640
333	644
333	647
333	660
333	666
333	676
333	692
333	696
333	701
333	734
333	738
333	744
333	745
333	754
333	759
333	772
333	786
333	791
333	792
333	836
333	837
333	926
334	169
334	170
334	171
334	181
334	182
334	220
334	227
334	240
334	279
334	285
334	367
334	386
334	481
334	492
334	524
334	525
334	530
334	538
334	570
334	607
334	612
334	636
334	644
334	666
334	742
334	759
335	254
335	255
335	378
335	408
335	631
335	685
335	705
335	805
335	833
335	904
336	35
336	36
336	143
336	144
336	152
336	153
336	168
336	186
336	187
336	368
336	611
337	134
337	135
337	136
337	253
338	58
338	59
338	60
338	61
338	62
339	165
339	166
339	173
339	202
339	203
339	280
339	300
339	427
339	490
339	606
339	709
339	718
339	742
339	786
339	788
340	238
340	239
340	272
340	400
340	557
341	342
341	343
341	459
341	460
342	341
342	343
342	459
342	460
343	341
343	342
343	459
343	460
344	30
344	31
344	34
344	40
344	53
344	126
344	287
345	85
345	86
345	89
345	95
345	98
346	134
346	135
346	136
346	263
347	35
347	36
347	207
347	231
347	327
347	328
347	352
347	368
347	372
347	373
347	406
347	450
347	487
347	771
348	25
348	26
348	39
348	43
348	48
348	49
348	115
348	141
348	210
348	245
349	190
349	191
349	264
349	350
350	190
350	191
350	264
350	349
350	397
350	594
351	79
351	80
351	94
351	145
351	146
351	149
351	155
351	156
351	157
351	184
351	185
351	192
351	193
351	198
351	235
351	242
351	281
351	296
351	323
351	324
351	354
351	387
351	456
351	530
351	531
351	542
351	544
351	582
351	629
351	647
351	782
352	17
352	18
352	35
352	36
352	66
352	67
352	71
352	83
352	88
352	100
352	106
352	144
352	147
352	151
352	152
352	153
352	186
352	187
352	201
352	207
352	231
352	299
352	327
352	328
352	347
352	353
352	368
352	372
352	373
352	404
352	406
352	447
352	450
352	482
352	483
352	504
352	505
352	523
352	574
352	580
352	771
353	17
353	18
353	35
353	71
353	83
353	106
353	147
353	231
353	317
353	318
353	352
353	372
353	450
353	523
353	671
353	877
354	79
354	80
354	94
354	156
354	157
354	184
354	192
354	193
354	194
354	234
354	235
354	242
354	281
354	351
354	488
354	519
354	584
354	594
355	21
355	22
355	27
355	38
355	84
355	118
355	164
355	180
355	247
355	275
355	376
355	377
355	439
355	440
355	454
355	495
355	608
355	622
355	639
355	712
356	50
356	51
356	63
356	92
356	101
356	102
356	120
356	150
356	163
356	196
356	197
356	249
356	293
356	298
356	329
356	432
356	441
356	446
356	458
357	358
357	361
357	591
357	598
358	357
358	361
358	591
358	598
359	1
359	2
359	16
359	23
359	32
359	33
359	37
359	41
359	82
359	142
359	206
360	204
360	205
360	214
360	215
361	357
361	358
361	591
361	598
362	1
362	2
362	16
362	23
362	32
362	33
362	37
362	41
362	82
362	142
362	206
362	308
362	479
362	497
362	586
362	694
363	225
363	226
363	228
363	364
364	225
364	226
364	228
364	363
365	312
365	313
365	366
365	370
365	435
365	436
365	665
365	937
366	312
366	313
366	365
366	370
366	435
366	436
366	452
366	714
366	874
366	937
367	169
367	170
367	220
367	227
367	240
367	285
367	333
367	334
367	371
367	389
367	403
367	481
367	492
367	524
367	525
367	530
367	538
367	570
367	606
367	607
367	612
367	617
367	640
367	647
367	676
367	687
367	696
367	701
367	744
367	945
368	35
368	36
368	151
368	152
368	186
368	187
368	201
368	327
368	328
368	336
368	347
368	352
368	372
368	373
368	406
368	574
368	771
368	958
369	145
369	146
369	149
369	155
369	157
369	184
369	194
369	195
369	198
369	234
369	235
369	296
369	330
369	374
369	407
369	463
369	542
369	594
369	662
370	312
370	313
370	365
370	366
370	435
370	452
370	746
370	909
370	910
371	169
371	170
371	171
371	181
371	182
371	220
371	240
371	279
371	367
371	375
371	401
371	481
371	482
371	492
371	530
371	538
371	606
371	607
371	612
371	617
371	640
371	644
371	666
371	687
371	738
371	792
372	35
372	36
372	121
372	122
372	143
372	147
372	153
372	207
372	229
372	231
372	327
372	328
372	347
372	352
372	353
372	368
372	373
372	949
373	36
373	121
373	122
373	129
373	147
373	153
373	230
373	327
373	328
373	347
373	352
373	368
373	372
374	80
374	94
374	145
374	146
374	149
374	155
374	156
374	157
374	184
374	185
374	192
374	193
374	195
374	198
374	234
374	235
374	281
374	323
374	324
374	369
374	456
374	541
374	542
374	582
374	629
374	647
374	658
375	3
375	4
375	5
375	6
375	12
375	24
375	29
375	42
375	93
375	148
375	154
375	170
375	371
375	538
375	541
375	631
375	640
375	660
375	666
375	715
375	730
375	755
375	890
376	118
376	164
376	355
376	377
376	439
376	440
376	454
376	495
376	538
376	712
376	739
376	817
376	822
377	118
377	275
377	355
377	376
377	440
377	454
377	495
377	538
377	754
377	817
377	822
377	985
378	254
378	255
378	335
378	408
378	702
378	862
379	46
379	47
379	54
379	73
379	81
379	526
379	527
380	30
380	31
380	34
380	40
380	44
380	53
380	99
380	382
380	677
381	94
381	145
381	146
381	149
381	184
381	198
381	234
381	330
381	463
381	531
382	34
382	40
382	44
382	53
382	99
382	380
383	256
383	257
383	294
383	295
383	422
383	423
383	516
383	630
383	672
384	385
384	405
384	517
384	518
385	384
385	405
385	517
385	518
386	169
386	170
386	171
386	181
386	182
386	240
386	325
386	333
386	334
386	402
386	403
386	481
386	492
386	525
386	530
386	570
386	606
386	607
386	612
386	621
386	647
386	666
387	79
387	80
387	94
387	155
387	156
387	192
387	193
387	194
387	198
387	235
387	242
387	281
387	296
387	323
387	330
387	351
387	488
387	502
387	533
387	544
387	658
387	782
388	333
388	389
388	496
388	532
388	538
388	606
388	636
388	644
388	647
388	664
388	676
388	744
388	786
388	829
388	836
388	837
389	333
389	367
389	388
389	496
389	532
389	538
389	636
389	644
389	647
389	664
389	676
389	687
389	696
389	738
389	744
389	745
389	791
389	792
389	837
390	96
390	97
390	114
390	128
390	247
390	439
390	467
390	576
390	739
391	42
391	301
391	302
391	316
391	852
392	393
392	420
392	462
392	543
392	610
392	750
393	392
393	420
393	462
393	543
393	610
393	656
394	123
394	124
394	125
394	127
395	396
395	426
395	429
395	480
395	507
395	583
395	638
395	681
395	753
395	793
395	826
396	395
396	426
396	429
396	480
396	507
396	559
396	583
396	728
397	190
397	191
397	236
397	237
397	350
397	708
398	399
398	419
398	486
398	661
398	717
399	398
399	419
399	486
399	661
399	686
399	717
399	766
399	952
400	90
400	91
400	238
400	239
400	272
400	275
400	340
400	493
400	697
400	713
400	947
401	169
401	170
401	171
401	181
401	182
401	279
401	285
401	325
401	371
401	402
401	570
402	169
402	170
402	171
402	181
402	182
402	279
402	386
402	401
402	570
402	692
403	169
403	170
403	171
403	181
403	182
403	220
403	227
403	240
403	325
403	367
403	386
403	696
403	772
403	792
404	35
404	36
404	121
404	122
404	129
404	201
404	207
404	352
404	482
404	483
404	523
405	384
405	385
405	517
405	518
405	604
405	641
405	711
406	35
406	36
406	129
406	153
406	327
406	328
406	347
406	352
406	368
406	447
407	79
407	80
407	145
407	149
407	155
407	156
407	157
407	184
407	185
407	193
407	195
407	198
407	234
407	281
407	323
407	324
407	369
407	456
407	531
407	544
408	254
408	255
408	335
408	378
408	904
409	160
409	161
409	179
409	219
409	266
409	557
410	82
410	208
410	308
410	433
410	434
410	443
410	470
410	554
410	686
411	265
411	412
411	494
411	627
411	683
411	706
411	744
411	791
412	265
412	411
412	494
412	627
412	683
412	706
412	744
412	757
412	791
413	414
413	615
413	616
413	706
413	758
413	806
413	855
413	882
414	413
414	615
414	616
414	706
414	758
414	806
414	882
414	983
415	107
415	108
415	109
415	110
416	107
416	108
416	109
416	110
417	107
417	108
417	109
417	110
418	107
418	108
418	109
418	110
419	127
419	244
419	265
419	398
419	399
419	486
419	661
419	686
419	717
419	741
419	766
419	952
420	392
420	393
420	462
420	610
420	656
420	750
421	309
421	310
421	311
421	496
422	383
422	423
422	516
422	584
422	626
422	648
422	673
423	383
423	422
423	516
423	584
423	626
423	648
423	672
423	673
423	881
424	50
424	51
424	63
424	68
424	92
424	196
425	85
425	86
425	89
425	98
425	103
425	104
425	213
425	431
425	437
425	455
425	558
425	566
425	679
425	704
425	707
425	807
425	815
425	830
426	395
426	396
426	429
426	480
426	638
427	202
427	203
427	280
427	300
427	339
427	606
428	211
428	212
428	243
428	315
429	395
429	396
429	426
429	507
429	559
430	1
430	2
430	16
430	23
430	32
430	33
430	37
430	41
430	82
430	206
430	497
431	103
431	104
431	140
431	186
431	213
431	425
431	437
431	455
432	101
432	102
432	120
432	163
432	197
432	356
433	23
433	33
433	41
433	82
433	158
433	159
433	177
433	206
433	208
433	274
433	308
433	410
433	686
434	82
434	158
434	159
434	208
434	274
434	308
434	410
435	365
435	366
435	370
435	436
435	714
435	891
436	365
436	366
436	435
436	714
436	891
437	103
437	104
437	140
437	167
437	186
437	213
437	425
437	431
438	35
438	36
438	138
438	139
438	144
438	151
438	152
438	153
438	201
438	475
439	72
439	96
439	115
439	118
439	128
439	161
439	179
439	180
439	219
439	314
439	355
439	376
439	390
439	440
439	454
439	608
439	622
439	682
439	719
440	72
440	118
440	355
440	376
440	377
440	439
440	454
440	495
440	538
440	608
440	622
440	682
440	719
440	725
440	754
441	102
441	120
441	163
441	197
441	293
441	356
441	458
442	211
442	212
442	243
442	315
442	896
443	82
443	158
443	159
443	177
443	208
443	274
443	308
443	410
444	90
444	91
444	137
444	183
444	275
444	607
445	188
445	189
445	209
445	217
445	522
445	659
445	684
445	881
446	196
446	248
446	249
446	356
446	457
446	477
447	17
447	18
447	35
447	36
447	66
447	67
447	100
447	151
447	153
447	186
447	187
447	201
447	231
447	327
447	328
447	352
447	406
447	487
448	449
448	489
448	510
448	631
448	849
449	448
449	489
449	510
449	631
450	35
450	36
450	66
450	67
450	71
450	83
450	122
450	144
450	147
450	153
450	200
450	221
450	229
450	231
450	258
450	317
450	318
450	327
450	347
450	352
450	353
450	482
450	504
450	505
450	587
450	589
450	631
450	660
450	671
450	688
450	703
450	728
450	877
451	165
451	166
451	172
451	173
451	268
451	495
452	312
452	313
452	366
452	370
453	30
453	31
453	34
453	40
453	44
453	53
453	99
453	557
454	84
454	247
454	275
454	355
454	376
454	377
454	439
454	440
454	495
454	712
455	103
455	104
455	140
455	167
455	213
455	425
455	431
456	79
456	192
456	193
456	194
456	195
456	242
456	296
456	323
456	324
456	351
456	374
456	407
456	488
456	519
456	530
456	533
456	584
456	637
456	733
456	775
456	782
456	784
456	816
456	875
457	50
457	51
457	63
457	68
457	101
457	102
457	120
457	150
457	163
457	196
457	197
457	248
457	249
457	293
457	329
457	446
457	458
457	477
458	101
458	102
458	120
458	298
458	356
458	441
458	457
458	959
459	341
459	342
459	343
460	341
460	342
460	343
461	30
461	31
461	34
461	40
461	44
461	53
461	126
462	319
462	320
462	321
462	392
462	393
462	420
462	506
462	543
463	145
463	146
463	149
463	198
463	235
463	330
463	369
463	381
463	560
464	465
464	467
464	468
464	469
464	479
464	495
464	497
464	529
464	576
464	588
464	593
464	603
464	620
464	643
464	661
464	667
464	670
464	716
464	737
464	856
464	932
464	946
465	464
465	467
465	468
465	469
465	497
465	528
465	529
465	588
465	603
465	609
465	620
465	643
465	646
465	667
465	670
465	694
465	716
465	726
465	743
465	786
465	794
465	851
465	930
465	932
465	946
466	50
466	63
466	68
466	92
466	101
466	102
466	120
466	150
466	196
466	197
466	248
466	249
466	293
466	329
466	477
466	834
467	96
467	97
467	114
467	128
467	162
467	176
467	247
467	390
467	464
467	465
467	469
467	477
467	479
467	495
467	576
467	593
467	597
467	609
467	661
467	693
467	716
467	726
467	737
467	741
467	786
467	948
468	37
468	178
468	197
468	464
468	465
468	469
468	477
468	479
468	495
468	497
468	528
468	560
468	576
468	597
468	603
468	609
468	645
468	646
468	667
468	690
468	694
468	698
468	741
468	764
468	785
468	794
468	796
468	821
468	845
468	930
469	2
469	23
469	37
469	82
469	178
469	308
469	464
469	465
469	467
469	468
469	479
469	495
469	497
469	560
469	576
469	593
469	597
469	603
469	609
469	645
469	686
469	688
469	694
469	726
469	737
469	741
469	746
469	764
469	786
469	796
469	851
469	878
470	158
470	159
470	208
470	274
470	308
470	410
471	472
471	581
471	585
471	770
471	935
472	471
472	581
472	585
472	770
473	36
473	121
473	122
473	129
473	229
473	230
473	482
473	483
473	657
474	1
474	2
474	16
474	23
474	32
474	33
474	37
474	41
474	586
475	138
475	139
475	143
475	144
475	147
475	153
475	168
475	438
475	482
475	504
475	505
475	587
475	631
475	660
475	703
475	721
475	722
475	723
475	728
476	309
476	310
476	311
477	116
477	117
477	133
477	196
477	248
477	249
477	329
477	446
477	457
477	466
477	467
477	468
477	479
477	495
477	576
477	593
477	642
477	643
477	670
477	690
477	741
477	929
477	931
478	317
478	318
478	625
478	691
479	16
479	37
479	178
479	362
479	464
479	467
479	468
479	469
479	477
479	497
479	541
479	542
479	560
479	576
479	588
479	593
479	597
479	603
479	609
479	642
479	643
479	646
479	673
479	693
479	694
479	726
479	737
479	746
479	762
479	763
479	764
479	794
479	796
479	821
479	833
479	851
479	878
479	912
479	930
480	395
480	396
480	426
480	559
480	583
480	638
481	169
481	170
481	220
481	227
481	279
481	285
481	325
481	333
481	334
481	367
481	371
481	386
481	495
481	538
481	587
481	644
481	676
481	687
481	701
481	736
481	738
481	752
481	754
481	792
481	836
481	908
482	35
482	36
482	121
482	122
482	170
482	201
482	207
482	352
482	371
482	404
482	450
482	473
482	475
482	483
482	538
482	587
482	606
482	631
482	640
482	702
482	728
483	35
483	36
483	201
483	207
483	229
483	352
483	404
483	473
483	482
483	939
484	269
484	270
484	271
485	269
485	270
485	271
486	398
486	399
486	419
486	661
487	17
487	18
487	35
487	36
487	67
487	71
487	143
487	147
487	153
487	187
487	231
487	328
487	347
487	447
488	79
488	80
488	94
488	149
488	156
488	184
488	192
488	193
488	198
488	234
488	235
488	281
488	323
488	324
488	354
488	387
488	456
488	541
488	544
488	629
488	631
488	658
488	660
488	718
489	448
489	449
489	510
490	202
490	203
490	280
490	300
490	339
491	131
491	132
491	173
491	515
491	619
492	169
492	170
492	171
492	220
492	227
492	279
492	285
492	325
492	333
492	334
492	367
492	371
492	386
492	524
492	605
493	25
493	26
493	28
493	40
493	43
493	65
493	105
493	115
493	141
493	238
493	239
493	272
493	400
493	557
494	265
494	411
494	412
494	683
494	757
494	873
495	84
495	118
495	128
495	164
495	166
495	180
495	247
495	275
495	355
495	376
495	377
495	440
495	451
495	454
495	464
495	467
495	468
495	469
495	477
495	481
495	538
495	560
495	587
495	593
495	608
495	622
495	639
495	682
495	719
495	725
495	741
495	754
495	767
495	768
495	769
496	309
496	333
496	388
496	389
496	421
496	538
496	606
496	636
496	664
496	676
496	696
496	738
496	788
496	792
497	23
497	37
497	178
497	267
497	362
497	430
497	464
497	465
497	468
497	469
497	479
497	560
497	576
497	593
497	597
497	646
497	690
497	737
497	746
497	762
497	763
497	796
497	900
497	961
498	160
498	161
498	219
498	276
499	282
499	283
499	284
500	282
500	283
500	284
501	282
501	283
501	284
502	80
502	94
502	145
502	149
502	155
502	185
502	192
502	193
502	198
502	234
502	235
502	281
502	296
502	323
502	324
502	331
502	332
502	387
502	530
502	541
502	542
502	544
502	614
502	629
502	647
502	660
502	718
502	724
503	160
503	161
503	179
503	180
503	266
504	147
504	231
504	352
504	450
504	475
504	505
504	538
504	587
504	606
504	631
504	671
504	702
504	703
504	728
504	836
505	83
505	147
505	231
505	331
505	332
505	352
505	450
505	475
505	504
505	520
505	538
505	587
505	631
505	660
505	702
505	788
505	814
505	853
505	915
506	288
506	289
506	290
506	303
506	319
506	320
506	321
506	462
507	395
507	396
507	429
507	559
507	728
508	509
508	776
508	777
508	778
508	779
508	781
509	508
509	776
509	777
509	778
509	779
509	781
510	277
510	278
510	286
510	448
510	449
510	489
510	631
510	849
511	512
511	513
511	514
512	511
512	513
512	514
513	511
513	512
513	514
514	511
514	512
514	513
515	131
515	132
515	268
515	491
516	383
516	422
516	423
516	672
516	881
517	384
517	385
517	405
517	604
518	384
518	385
518	405
518	604
519	80
519	94
519	149
519	155
519	156
519	157
519	193
519	195
519	198
519	234
519	281
519	296
519	323
519	354
519	456
519	530
519	531
519	541
519	542
519	544
519	582
519	587
519	637
519	658
519	718
520	331
520	332
520	505
520	521
520	522
520	614
520	633
520	724
521	520
521	522
521	659
521	684
521	688
522	445
522	520
522	521
522	659
522	684
522	688
522	881
523	17
523	18
523	66
523	71
523	143
523	147
523	153
523	168
523	186
523	187
523	201
523	231
523	352
523	353
523	404
524	171
524	220
524	333
524	334
524	367
524	492
524	525
524	538
524	605
524	606
524	607
524	676
525	170
525	171
525	220
525	227
525	285
525	325
525	333
525	334
525	367
525	386
525	524
525	605
526	46
526	47
526	54
526	81
526	379
527	46
527	47
527	54
527	73
527	379
528	465
528	468
528	529
528	603
528	620
528	747
528	748
528	954
529	464
529	465
529	528
529	603
529	620
529	698
529	741
529	954
530	79
530	80
530	94
530	155
530	156
530	157
530	169
530	170
530	171
530	182
530	184
530	185
530	192
530	193
530	194
530	195
530	220
530	227
530	234
530	240
530	279
530	285
530	323
530	324
530	325
530	333
530	334
530	351
530	367
530	371
530	386
530	456
530	502
530	519
530	538
530	542
530	544
530	584
530	587
530	594
530	605
530	606
530	607
530	637
530	660
530	701
530	718
530	784
530	812
531	94
531	145
531	146
531	198
531	296
531	330
531	351
531	381
531	407
531	519
531	541
531	560
531	584
532	333
532	388
532	389
532	538
532	606
532	644
532	676
532	696
532	738
532	792
532	829
532	836
533	79
533	80
533	145
533	146
533	155
533	156
533	184
533	192
533	193
533	235
533	281
533	324
533	387
533	456
533	541
533	544
533	587
533	631
533	637
533	647
533	658
533	660
534	535
534	536
534	537
535	534
535	536
535	537
536	534
536	535
536	537
537	534
537	535
537	536
537	708
538	169
538	170
538	171
538	220
538	227
538	285
538	331
538	332
538	333
538	334
538	367
538	371
538	375
538	376
538	377
538	388
538	389
538	440
538	481
538	482
538	495
538	496
538	504
538	505
538	524
538	530
538	532
538	587
538	605
538	631
538	647
538	660
538	701
538	702
538	703
538	718
538	728
538	745
539	48
539	49
539	115
539	314
539	540
539	787
539	832
540	48
540	49
540	262
540	314
540	539
540	787
541	145
541	184
541	185
541	192
541	198
541	235
541	296
541	323
541	324
541	374
541	375
541	479
541	488
541	502
541	519
541	531
541	533
541	542
541	544
541	584
541	629
541	631
541	658
541	673
541	715
541	718
541	724
541	725
541	733
541	775
541	816
541	836
542	146
542	184
542	198
542	235
542	280
542	296
542	323
542	324
542	351
542	369
542	374
542	479
542	502
542	519
542	530
542	541
542	584
542	594
542	673
542	709
542	715
542	724
542	725
542	775
542	816
543	392
543	393
543	462
543	631
543	656
543	821
544	184
544	185
544	192
544	193
544	195
544	198
544	234
544	235
544	296
544	351
544	387
544	407
544	488
544	502
544	519
544	530
544	533
544	541
544	569
544	584
544	587
544	662
544	736
544	784
544	816
544	818
544	907
545	202
545	203
545	280
545	300
545	631
545	687
545	744
545	791
545	836
546	46
546	47
546	54
546	73
546	81
547	46
547	47
547	54
547	73
547	81
548	46
548	47
548	54
548	73
548	81
549	46
549	47
549	54
549	73
549	81
550	46
550	47
550	54
550	73
550	81
551	46
551	47
551	54
551	73
551	81
552	553
552	568
552	595
552	764
553	552
553	568
553	595
553	736
554	82
554	158
554	159
554	177
554	208
554	308
554	410
555	301
555	302
555	316
556	46
556	47
556	54
556	73
556	81
557	26
557	30
557	34
557	39
557	40
557	43
557	48
557	65
557	105
557	111
557	126
557	160
557	161
557	179
557	238
557	239
557	272
557	276
557	297
557	340
557	409
557	453
557	493
558	103
558	104
558	140
558	167
558	213
558	425
559	396
559	429
559	480
559	507
559	583
559	637
559	638
559	681
559	753
559	793
559	826
560	94
560	145
560	146
560	149
560	185
560	198
560	234
560	235
560	296
560	324
560	463
560	468
560	469
560	479
560	495
560	497
560	531
560	593
560	646
560	741
561	46
561	47
561	54
561	73
561	81
562	291
562	292
562	564
562	686
563	30
563	31
563	34
563	40
563	44
563	99
564	291
564	292
564	562
565	3
565	4
565	13
565	29
565	148
565	623
565	730
565	740
566	103
566	104
566	140
566	167
566	213
566	425
567	50
567	51
567	63
567	68
567	196
568	552
568	553
568	595
568	736
568	764
569	79
569	80
569	94
569	155
569	156
569	157
569	184
569	185
569	192
569	193
569	234
569	235
569	544
570	170
570	171
570	227
570	279
570	325
570	334
570	367
570	386
570	401
570	402
570	759
571	30
571	31
571	34
571	44
571	53
571	126
572	103
572	104
572	140
572	167
572	213
573	46
573	47
573	54
573	73
573	81
574	36
574	152
574	153
574	168
574	187
574	201
574	352
574	368
575	222
575	223
575	224
576	197
576	390
576	464
576	467
576	468
576	469
576	477
576	479
576	497
576	588
576	609
576	642
576	643
576	667
576	670
576	690
576	693
576	785
576	794
576	851
576	878
576	930
577	103
577	104
577	140
577	167
577	213
578	30
578	31
578	34
578	40
578	44
578	53
579	211
579	212
579	243
579	618
580	36
580	143
580	153
580	168
580	186
580	187
580	201
580	352
581	471
581	472
581	585
582	155
582	157
582	192
582	193
582	195
582	198
582	235
582	281
582	296
582	351
582	374
582	519
582	584
582	592
582	658
583	96
583	97
583	128
583	162
583	238
583	239
583	247
583	395
583	396
583	480
583	559
583	826
584	79
584	94
584	145
584	149
584	156
584	157
584	184
584	185
584	198
584	242
584	296
584	323
584	354
584	422
584	423
584	456
584	530
584	531
584	541
584	542
584	544
584	582
584	626
584	658
584	718
585	471
585	472
585	581
586	16
586	23
586	37
586	82
586	177
586	178
586	232
586	267
586	362
586	474
587	80
587	231
587	324
587	450
587	475
587	481
587	482
587	495
587	504
587	505
587	519
587	530
587	533
587	538
587	544
587	606
587	631
587	637
587	647
587	660
587	671
587	702
587	788
587	836
587	853
588	464
588	465
588	479
588	576
588	593
588	597
588	603
588	661
588	667
588	670
588	673
588	716
588	741
588	743
588	785
588	794
588	796
589	231
589	317
589	318
589	450
589	594
589	688
590	41
590	82
590	158
590	159
590	274
590	308
591	357
591	358
591	361
592	79
592	80
592	94
592	155
592	156
592	157
592	184
592	185
592	235
592	281
592	582
593	464
593	467
593	469
593	477
593	479
593	495
593	497
593	560
593	588
593	603
593	670
593	716
593	743
593	856
593	878
593	900
593	929
593	948
594	94
594	146
594	155
594	156
594	157
594	184
594	190
594	192
594	193
594	198
594	235
594	264
594	281
594	296
594	317
594	318
594	350
594	354
594	369
594	530
594	542
594	589
594	637
594	782
595	291
595	292
595	552
595	553
595	568
595	632
596	101
596	102
596	120
596	197
596	293
597	467
597	468
597	469
597	479
597	497
597	588
597	609
597	642
597	643
597	645
597	646
597	667
597	670
597	688
597	694
597	785
597	794
597	833
597	851
597	912
598	357
598	358
598	361
599	600
599	601
599	618
600	599
600	601
600	618
601	599
601	600
601	618
602	199
602	200
602	221
603	464
603	465
603	468
603	469
603	479
603	528
603	529
603	588
603	593
603	667
603	698
603	741
604	405
604	517
604	518
604	641
604	711
604	898
604	925
604	989
604	990
605	170
605	171
605	182
605	285
605	492
605	524
605	525
605	530
605	538
605	606
605	607
605	676
605	687
606	169
606	170
606	202
606	203
606	220
606	227
606	279
606	285
606	300
606	333
606	339
606	367
606	371
606	386
606	388
606	427
606	482
606	496
606	504
606	524
606	530
606	532
606	587
606	605
606	647
606	701
606	728
606	745
606	786
607	90
607	169
607	170
607	182
607	183
607	227
607	285
607	333
607	334
607	367
607	371
607	386
607	444
607	524
607	530
607	605
608	21
608	84
608	118
608	161
608	247
608	275
608	355
608	439
608	440
608	495
609	465
609	467
609	468
609	469
609	479
609	576
609	597
609	642
609	643
609	670
609	690
609	698
609	786
609	821
609	911
610	392
610	393
610	420
610	813
610	814
611	35
611	36
611	151
611	152
611	186
611	201
611	336
611	863
612	169
612	170
612	171
612	220
612	285
612	325
612	333
612	334
612	367
612	371
612	386
613	90
613	91
613	137
613	183
614	15
614	19
614	20
614	331
614	332
614	502
614	520
614	644
614	742
614	780
614	917
615	413
615	414
615	616
616	413
616	414
616	615
617	169
617	170
617	171
617	220
617	227
617	279
617	285
617	333
617	367
617	371
618	211
618	243
618	579
618	599
618	600
618	601
619	131
619	132
619	491
620	464
620	465
620	528
620	529
620	932
621	169
621	170
621	171
621	220
621	240
621	279
621	285
621	333
621	386
622	84
622	118
622	247
622	355
622	439
622	440
622	495
622	725
623	148
623	565
623	730
623	740
624	79
624	80
624	94
624	155
624	156
624	184
624	185
624	192
624	193
624	234
624	324
625	317
625	318
625	478
626	422
626	423
626	584
626	673
627	411
627	412
627	706
627	757
628	198
628	629
628	735
629	149
629	184
629	198
629	351
629	374
629	488
629	502
629	541
629	628
629	724
629	725
629	735
629	955
630	256
630	257
630	383
631	254
631	255
631	335
631	375
631	448
631	449
631	450
631	475
631	482
631	488
631	504
631	505
631	510
631	533
631	538
631	541
631	543
631	545
631	587
631	660
631	702
631	703
631	718
631	725
631	728
631	730
631	813
631	836
631	915
632	291
632	292
632	595
633	331
633	332
633	520
633	742
634	204
634	205
634	273
635	90
635	91
635	137
635	275
636	169
636	170
636	220
636	333
636	334
636	388
636	389
636	496
636	647
637	80
637	94
637	157
637	194
637	323
637	324
637	456
637	519
637	530
637	533
637	559
637	587
637	594
637	812
638	395
638	426
638	480
638	559
638	793
639	165
639	166
639	172
639	173
639	355
639	495
640	169
640	170
640	171
640	220
640	227
640	285
640	325
640	333
640	367
640	371
640	375
640	482
640	660
640	702
641	405
641	604
641	711
641	925
642	477
642	479
642	576
642	597
642	609
642	643
642	693
642	726
642	763
642	931
643	464
643	465
643	477
643	479
643	576
643	597
643	609
643	642
643	737
643	786
644	169
644	170
644	171
644	220
644	227
644	331
644	332
644	333
644	334
644	371
644	388
644	389
644	481
644	532
644	614
644	701
645	468
645	469
645	597
645	646
645	688
645	716
645	726
645	754
645	760
645	764
645	845
645	857
646	37
646	465
646	468
646	479
646	497
646	560
646	597
646	645
646	688
646	763
646	764
646	845
646	918
647	94
647	170
647	181
647	193
647	220
647	227
647	234
647	323
647	324
647	333
647	351
647	367
647	374
647	386
647	388
647	389
647	502
647	533
647	538
647	587
647	606
647	636
647	660
647	701
647	744
647	745
647	784
647	791
648	422
648	423
648	649
648	650
648	651
648	672
649	648
649	650
649	651
650	648
650	649
650	651
651	648
651	649
651	650
652	225
652	226
652	228
653	225
653	226
653	228
654	225
654	226
654	228
655	27
655	38
655	84
655	87
655	118
656	393
656	420
656	543
656	750
656	821
657	35
657	36
657	122
657	129
657	207
657	473
658	79
658	80
658	94
658	155
658	157
658	193
658	234
658	374
658	387
658	488
658	519
658	533
658	541
658	582
658	584
659	445
659	521
659	522
659	688
660	170
660	171
660	182
660	193
660	285
660	324
660	333
660	375
660	450
660	475
660	488
660	502
660	505
660	530
660	533
660	538
660	587
660	631
660	640
660	647
660	666
660	671
660	696
660	703
660	715
660	718
660	725
660	730
660	744
660	775
660	853
661	398
661	399
661	419
661	464
661	467
661	486
661	588
661	670
661	716
661	741
661	742
661	782
661	897
661	905
662	79
662	80
662	94
662	145
662	146
662	156
662	157
662	184
662	192
662	198
662	369
662	544
663	5
663	6
663	42
663	93
663	154
664	388
664	389
664	496
665	312
665	313
665	365
666	170
666	171
666	220
666	285
666	325
666	333
666	334
666	371
666	375
666	386
666	660
667	2
667	23
667	82
667	178
667	464
667	465
667	468
667	576
667	588
667	597
667	603
667	673
667	737
667	743
667	796
667	899
668	669
668	751
668	858
668	859
669	668
669	751
669	858
669	859
669	886
670	464
670	465
670	477
670	576
670	588
670	593
670	597
670	609
670	661
670	690
670	698
670	743
670	897
671	71
671	231
671	317
671	353
671	450
671	504
671	587
671	660
671	703
672	383
672	423
672	516
672	648
672	673
673	331
673	422
673	423
673	479
673	541
673	542
673	588
673	626
673	667
673	672
673	718
673	724
674	675
674	689
674	761
675	674
675	689
675	710
675	761
675	846
676	169
676	170
676	202
676	203
676	220
676	280
676	333
676	367
676	388
676	389
676	481
676	496
676	524
676	532
676	605
676	701
676	786
677	30
677	34
677	126
677	297
677	380
678	45
678	72
678	84
678	164
678	219
678	266
679	103
679	104
679	167
679	213
679	425
680	681
680	753
680	889
681	395
681	559
681	680
681	753
681	889
682	48
682	49
682	115
682	314
682	439
682	440
682	495
683	411
683	412
683	494
684	445
684	521
684	522
684	688
685	254
685	255
685	335
686	208
686	292
686	308
686	399
686	410
686	419
686	433
686	469
686	562
686	741
686	745
686	766
687	169
687	170
687	202
687	203
687	220
687	227
687	280
687	285
687	300
687	367
687	371
687	389
687	481
687	545
687	605
688	317
688	318
688	450
688	469
688	521
688	522
688	589
688	597
688	645
688	646
688	659
688	684
688	716
688	726
688	760
688	785
688	833
688	877
689	674
689	675
689	710
689	846
690	468
690	477
690	497
690	576
690	609
690	670
690	698
691	317
691	318
691	478
692	169
692	170
692	220
692	227
692	279
692	325
692	333
692	402
693	467
693	479
693	576
693	642
693	726
693	961
694	37
694	82
694	142
694	177
694	178
694	267
694	362
694	465
694	468
694	469
694	479
694	597
694	796
695	50
695	51
695	68
695	92
696	169
696	170
696	333
696	367
696	389
696	403
696	496
696	532
696	660
696	703
696	745
696	962
697	238
697	239
697	400
698	468
698	529
698	603
698	609
698	670
698	690
699	236
699	237
699	700
700	236
700	237
700	699
701	285
701	333
701	367
701	481
701	530
701	538
701	606
701	644
701	647
701	676
701	728
701	738
701	754
701	786
702	254
702	255
702	378
702	482
702	504
702	505
702	538
702	587
702	631
702	640
703	450
703	475
703	504
703	538
703	631
703	660
703	671
703	696
703	715
703	730
703	744
704	103
704	104
704	140
704	167
704	425
705	254
705	255
705	335
706	411
706	412
706	413
706	414
706	627
707	103
707	104
707	140
707	167
707	425
708	191
708	225
708	226
708	236
708	397
708	537
709	46
709	47
709	54
709	73
709	202
709	203
709	280
709	339
709	542
709	914
709	987
710	675
710	689
710	761
711	405
711	604
711	641
712	355
712	376
712	454
712	739
712	828
713	90
713	91
713	275
713	400
714	366
714	435
714	436
715	184
715	192
715	323
715	375
715	541
715	542
715	660
715	703
715	718
716	464
716	465
716	467
716	588
716	593
716	645
716	661
716	688
716	741
716	760
716	785
717	398
717	399
717	419
718	193
718	202
718	203
718	280
718	339
718	488
718	502
718	519
718	530
718	538
718	541
718	584
718	631
718	660
718	673
718	715
718	724
718	725
718	730
718	742
718	754
718	788
718	836
718	857
718	955
719	27
719	118
719	164
719	439
719	440
719	495
719	754
720	211
720	212
720	243
721	475
721	722
721	723
722	475
722	721
722	723
723	475
723	721
723	722
724	331
724	332
724	502
724	520
724	541
724	542
724	629
724	673
724	718
724	725
725	440
725	495
725	541
725	542
725	622
725	629
725	631
725	660
725	718
725	724
725	789
725	790
726	465
726	467
726	469
726	479
726	642
726	645
726	688
726	693
726	746
726	763
726	833
727	196
727	249
727	329
728	396
728	450
728	475
728	482
728	504
728	507
728	538
728	606
728	631
728	701
728	730
728	915
729	46
729	47
729	73
729	81
730	148
730	375
730	565
730	623
730	631
730	660
730	703
730	718
730	728
731	103
731	104
731	140
731	167
732	103
732	104
732	140
732	167
733	80
733	94
733	145
733	149
733	155
733	156
733	193
733	235
733	281
733	324
733	456
733	541
734	170
734	171
734	220
734	227
734	279
734	285
734	333
735	628
735	629
736	94
736	145
736	149
736	156
736	185
736	198
736	234
736	235
736	281
736	323
736	332
736	481
736	544
736	553
736	568
737	464
737	467
737	469
737	479
737	497
737	643
737	667
737	746
738	170
738	220
738	333
738	371
738	389
738	481
738	496
738	532
738	701
738	745
738	786
739	128
739	376
739	390
739	712
739	828
740	148
740	565
740	623
741	247
741	419
741	467
741	468
741	469
741	477
741	495
741	529
741	560
741	588
741	603
741	661
741	686
741	716
741	743
741	766
741	782
741	794
741	897
741	914
742	169
742	170
742	181
742	202
742	220
742	280
742	331
742	332
742	334
742	339
742	614
742	633
742	661
742	718
742	782
742	905
743	465
743	588
743	593
743	667
743	670
743	741
743	786
743	897
744	169
744	170
744	202
744	203
744	333
744	367
744	388
744	389
744	411
744	412
744	545
744	647
744	660
744	703
745	333
745	389
745	538
745	606
745	647
745	686
745	696
745	738
745	786
746	370
746	469
746	479
746	497
746	726
746	737
747	528
747	748
747	765
747	860
748	528
748	747
748	765
748	860
748	944
749	121
749	122
749	129
749	229
750	392
750	420
750	656
751	668
751	669
751	886
752	169
752	170
752	227
752	279
752	285
752	481
753	395
753	559
753	680
753	681
754	170
754	285
754	333
754	377
754	440
754	481
754	495
754	645
754	701
754	718
754	719
754	857
755	6
755	13
755	14
755	148
755	375
756	33
756	41
756	82
756	159
756	274
756	308
757	412
757	494
757	627
757	873
758	413
758	414
759	170
759	171
759	182
759	240
759	333
759	334
759	570
760	645
760	688
760	716
760	785
760	833
761	674
761	675
761	710
762	479
762	497
762	763
762	774
762	929
763	479
763	497
763	642
763	646
763	726
763	762
763	774
763	851
763	940
763	957
764	468
764	469
764	479
764	552
764	568
764	645
764	646
764	819
764	820
764	878
764	909
764	910
765	747
765	748
765	944
766	399
766	419
766	686
766	741
767	495
767	768
767	769
768	495
768	767
768	769
769	495
769	767
769	768
770	471
770	472
770	935
771	327
771	347
771	352
771	368
772	182
772	227
772	279
772	325
772	333
772	403
773	4
773	5
773	6
773	52
774	762
774	763
774	940
774	957
775	79
775	195
775	323
775	324
775	456
775	541
775	542
775	660
775	789
775	790
776	508
776	509
777	508
777	509
778	508
778	509
779	508
779	509
780	19
780	20
780	614
780	917
781	508
781	509
782	80
782	94
782	156
782	157
782	193
782	351
782	387
782	456
782	594
782	661
782	741
782	742
782	905
783	36
783	122
783	129
783	207
784	94
784	149
784	155
784	156
784	193
784	234
784	281
784	323
784	456
784	530
784	544
784	647
785	468
785	576
785	588
785	597
785	688
785	716
785	760
786	300
786	333
786	339
786	388
786	465
786	467
786	469
786	606
786	609
786	643
786	676
786	701
786	738
786	743
786	745
786	789
786	790
786	851
787	96
787	97
787	114
787	120
787	160
787	163
787	197
787	219
787	266
787	539
787	540
788	202
788	203
788	331
788	339
788	496
788	505
788	587
788	718
789	725
789	775
789	786
789	790
790	725
790	775
790	786
790	789
791	169
791	202
791	203
791	333
791	389
791	411
791	412
791	545
791	647
791	926
792	170
792	171
792	227
792	331
792	333
792	371
792	389
792	403
792	481
792	496
792	532
792	963
793	395
793	559
793	638
793	826
794	465
794	468
794	479
794	576
794	588
794	597
794	741
795	166
795	172
795	173
796	468
796	469
796	479
796	497
796	588
796	667
796	694
797	798
797	866
797	867
798	797
798	866
798	867
799	800
799	868
799	869
800	799
800	868
800	869
801	802
801	871
801	872
802	801
802	871
802	872
803	165
803	172
803	173
804	165
804	166
804	173
805	254
805	335
805	833
806	413
806	414
806	855
807	103
807	104
807	140
807	425
808	809
808	883
808	884
809	189
809	217
809	808
809	883
809	884
810	811
810	887
810	888
811	810
811	887
811	888
812	323
812	530
812	637
813	610
813	631
813	814
813	828
814	505
814	610
814	813
814	828
815	103
815	140
815	213
815	425
816	192
816	198
816	323
816	456
816	541
816	542
816	544
817	376
817	377
817	822
818	94
818	145
818	146
818	198
818	234
818	544
819	764
819	820
819	823
819	854
820	764
820	819
820	823
820	854
821	468
821	479
821	543
821	609
821	656
822	376
822	377
822	817
822	895
822	938
822	986
823	819
823	820
824	825
824	894
825	824
825	894
825	956
826	395
826	559
826	583
826	793
827	103
827	140
827	167
828	712
828	739
828	813
828	814
829	388
829	532
830	104
830	140
830	167
830	425
831	50
831	51
831	92
832	48
832	141
832	262
832	539
833	335
833	479
833	597
833	688
833	726
833	760
833	805
834	101
834	197
834	466
835	46
835	47
835	54
836	202
836	333
836	388
836	481
836	504
836	532
836	541
836	545
836	587
836	631
836	718
837	169
837	170
837	220
837	240
837	333
837	388
837	389
838	288
838	303
839	840
839	923
839	933
840	839
840	923
840	933
841	277
841	278
842	277
842	278
843	103
843	104
843	140
844	7
844	8
844	9
845	468
845	645
845	646
846	675
846	689
847	848
847	885
848	847
848	885
849	448
849	510
850	46
850	54
850	81
851	465
851	469
851	479
851	576
851	597
851	763
851	786
852	302
852	391
853	505
853	587
853	660
854	220
854	819
854	820
855	277
855	278
855	413
855	806
856	464
856	593
857	645
857	718
857	754
857	890
858	668
858	669
859	668
859	669
860	747
860	748
861	103
861	104
861	167
862	255
862	378
863	201
863	611
864	865
864	870
864	969
864	970
865	864
865	870
866	797
866	798
867	797
867	798
868	799
868	800
869	799
869	800
870	864
870	865
871	801
871	802
872	801
872	802
873	494
873	757
873	892
873	893
874	313
874	366
874	942
875	456
875	876
876	875
876	964
876	965
877	317
877	353
877	450
877	688
878	469
878	479
878	576
878	593
878	764
879	225
879	226
880	225
880	226
881	423
881	445
881	516
881	522
882	204
882	205
882	413
882	414
883	808
883	809
884	808
884	809
885	847
885	848
886	669
886	751
887	810
887	811
888	810
888	811
889	680
889	681
890	3
890	4
890	375
890	857
891	435
891	436
892	873
892	893
892	906
892	913
892	919
892	960
893	873
893	892
893	919
894	824
894	825
895	822
895	938
896	243
896	442
896	984
897	661
897	670
897	741
897	743
898	604
899	667
900	497
900	593
901	317
901	318
902	79
902	80
902	94
902	155
902	192
903	323
904	335
904	408
905	661
905	742
905	782
906	892
906	913
906	960
907	544
908	481
909	370
909	764
909	910
910	370
910	764
910	909
911	609
912	479
912	597
913	892
913	906
914	709
914	741
915	505
915	631
915	728
916	118
916	164
916	180
917	614
917	780
918	646
919	892
919	893
920	921
921	920
921	928
922	145
922	234
922	323
923	839
923	840
924	34
924	40
924	53
925	604
925	641
926	169
926	325
926	333
926	791
927	260
927	261
928	921
929	477
929	593
929	762
929	957
930	465
930	468
930	479
930	576
931	477
931	642
932	464
932	465
932	620
933	839
933	840
934	197
935	471
935	770
936	169
936	170
936	227
937	365
937	366
938	822
938	895
939	483
940	763
940	774
941	331
941	332
942	874
943	129
943	207
944	748
944	765
945	367
946	464
946	465
947	239
947	400
948	467
948	593
949	327
949	372
950	157
951	211
951	243
952	399
952	419
953	104
954	528
954	529
955	331
955	332
955	629
955	718
956	825
957	763
957	774
957	929
958	328
958	368
959	458
960	892
960	906
961	497
961	693
962	169
962	696
963	792
964	876
965	876
966	967
966	968
967	966
967	968
968	966
968	967
969	864
969	970
970	864
970	969
971	972
971	973
972	971
972	973
973	971
973	972
974	975
974	976
975	974
975	976
976	974
976	975
977	978
977	979
978	977
978	979
979	977
979	978
980	981
980	982
981	980
981	982
982	980
982	981
983	414
984	896
985	377
986	822
987	709
988	149
989	604
990	604
