219	5851
1	30
1	37
1	71
1	77
1	146
1	181
1	198
1	199
1	209
2	80
2	98
2	187
2	197
2	198
3	30
3	37
3	42
3	71
3	92
3	98
3	139
3	146
3	155
3	181
3	197
3	198
3	204
4	92
5	37
5	157
7	149
8	12
8	37
8	54
8	57
8	92
8	177
8	184
8	197
8	205
8	209
9	12
9	13
9	18
9	19
9	20
9	25
9	30
9	31
9	32
9	35
9	36
9	37
9	41
9	42
9	43
9	45
9	49
9	50
9	51
9	53
9	54
9	57
9	60
9	61
9	63
9	66
9	70
9	71
9	72
9	77
9	78
9	80
9	84
9	89
9	90
9	91
9	92
9	93
9	96
9	97
9	98
9	100
9	105
9	108
9	109
9	113
9	117
9	123
9	125
9	135
9	136
9	137
9	138
9	142
9	146
9	148
9	150
9	151
9	152
9	154
9	155
9	157
9	159
9	160
9	168
9	170
9	175
9	176
9	177
9	180
9	181
9	186
9	187
9	190
9	191
9	197
9	198
9	203
9	204
9	205
9	206
9	208
9	209
9	212
9	213
10	37
10	54
10	98
10	209
11	125
11	134
12	10
12	13
12	17
12	20
12	30
12	31
12	32
12	37
12	41
12	42
12	43
12	44
12	48
12	51
12	53
12	54
12	57
12	61
12	62
12	66
12	69
12	70
12	71
12	72
12	77
12	78
12	80
12	81
12	91
12	92
12	93
12	96
12	97
12	98
12	100
12	104
12	105
12	108
12	113
12	117
12	118
12	123
12	125
12	126
12	131
12	135
12	136
12	137
12	142
12	144
12	146
12	149
12	151
12	152
12	154
12	155
12	157
12	159
12	160
12	167
12	170
12	173
12	175
12	176
12	177
12	178
12	180
12	181
12	182
12	186
12	187
12	191
12	192
12	195
12	204
12	205
12	209
12	211
12	213
12	216
12	217
12	218
13	1
13	3
13	6
13	9
13	12
13	16
13	19
13	20
13	26
13	31
13	32
13	37
13	42
13	43
13	44
13	45
13	50
13	51
13	53
13	54
13	55
13	57
13	61
13	63
13	66
13	70
13	71
13	76
13	77
13	80
13	90
13	91
13	92
13	93
13	96
13	97
13	98
13	100
13	102
13	103
13	105
13	108
13	109
13	113
13	125
13	127
13	129
13	132
13	134
13	135
13	137
13	142
13	151
13	152
13	154
13	155
13	157
13	158
13	159
13	160
13	170
13	172
13	175
13	176
13	177
13	180
13	181
13	186
13	187
13	190
13	191
13	197
13	198
13	203
13	204
13	205
13	209
13	212
13	213
14	76
14	97
14	160
14	186
14	198
15	42
15	117
15	180
16	35
16	98
16	156
16	170
16	182
16	187
16	204
16	205
17	5
17	9
17	12
17	13
17	19
17	30
17	32
17	35
17	37
17	41
17	42
17	43
17	44
17	54
17	57
17	70
17	71
17	77
17	80
17	90
17	91
17	92
17	93
17	98
17	100
17	105
17	117
17	125
17	131
17	135
17	137
17	142
17	146
17	152
17	154
17	155
17	157
17	159
17	170
17	175
17	176
17	180
17	181
17	182
17	191
17	197
17	198
17	203
17	204
17	205
17	209
17	213
18	71
18	205
18	209
19	32
19	37
19	42
19	43
19	54
19	66
19	77
19	80
19	92
19	93
19	97
19	98
19	102
19	108
19	113
19	142
19	154
19	155
19	158
19	181
19	198
19	203
20	3
20	9
20	10
20	12
20	13
20	18
20	19
20	26
20	30
20	32
20	36
20	37
20	38
20	41
20	42
20	43
20	44
20	50
20	51
20	53
20	54
20	56
20	57
20	61
20	63
20	66
20	70
20	71
20	72
20	74
20	76
20	77
20	78
20	80
20	81
20	84
20	90
20	91
20	92
20	93
20	96
20	97
20	98
20	100
20	101
20	105
20	108
20	109
20	113
20	114
20	115
20	117
20	120
20	125
20	127
20	129
20	135
20	136
20	137
20	140
20	142
20	151
20	154
20	155
20	156
20	157
20	159
20	160
20	161
20	170
20	172
20	175
20	176
20	177
20	178
20	180
20	181
20	186
20	187
20	190
20	191
20	196
20	197
20	198
20	202
20	203
20	204
20	205
20	209
20	213
21	92
21	120
21	191
21	205
21	213
25	9
25	12
25	13
25	17
25	30
25	37
25	41
25	42
25	43
25	45
25	55
25	60
25	71
25	77
25	92
25	98
25	100
25	125
25	142
25	151
25	155
25	157
25	181
25	191
25	197
25	203
25	208
25	209
26	13
26	14
26	30
26	42
26	51
26	54
26	57
26	71
26	77
26	90
26	92
26	98
26	135
26	154
26	172
26	177
26	186
26	190
26	198
26	213
27	13
27	42
27	98
27	132
27	155
27	176
27	209
27	217
29	30
30	1
30	2
30	6
30	9
30	12
30	13
30	17
30	19
30	20
30	23
30	25
30	26
30	29
30	32
30	35
30	37
30	38
30	41
30	42
30	43
30	44
30	45
30	49
30	51
30	53
30	54
30	55
30	57
30	60
30	61
30	63
30	66
30	68
30	69
30	70
30	71
30	77
30	80
30	81
30	84
30	89
30	90
30	91
30	92
30	93
30	96
30	97
30	98
30	100
30	101
30	103
30	105
30	109
30	113
30	117
30	125
30	127
30	129
30	135
30	137
30	138
30	142
30	146
30	148
30	150
30	151
30	152
30	154
30	155
30	157
30	158
30	159
30	160
30	166
30	170
30	171
30	172
30	175
30	176
30	177
30	180
30	181
30	182
30	184
30	186
30	187
30	191
30	196
30	197
30	198
30	203
30	204
30	205
30	208
30	209
30	212
30	213
31	37
32	2
32	13
32	26
32	37
32	43
32	51
32	54
32	57
32	71
32	77
32	80
32	92
32	98
32	105
32	113
32	125
32	127
32	135
32	142
32	154
32	158
32	159
32	160
32	172
32	176
32	181
32	190
32	198
32	205
33	57
33	92
33	98
33	159
33	181
33	209
34	98
35	42
35	43
35	105
35	157
35	181
35	191
35	213
36	37
36	98
36	123
36	157
36	159
36	205
37	12
37	13
37	15
37	18
37	20
37	21
37	23
37	25
37	30
37	31
37	32
37	41
37	42
37	43
37	45
37	49
37	51
37	52
37	54
37	55
37	57
37	59
37	63
37	66
37	69
37	70
37	71
37	77
37	78
37	80
37	82
37	84
37	87
37	90
37	91
37	92
37	93
37	96
37	97
37	98
37	99
37	100
37	101
37	102
37	105
37	106
37	108
37	109
37	114
37	117
37	118
37	120
37	123
37	125
37	128
37	129
37	135
37	137
37	138
37	142
37	144
37	146
37	148
37	151
37	152
37	154
37	155
37	157
37	160
37	164
37	165
37	166
37	170
37	175
37	177
37	180
37	181
37	186
37	187
37	190
37	191
37	196
37	197
37	198
37	203
37	204
37	205
37	206
37	208
37	209
37	212
37	213
38	13
38	155
39	92
40	42
40	123
40	186
40	209
41	9
41	12
41	13
41	17
41	25
41	30
41	37
41	42
41	43
41	45
41	51
41	54
41	57
41	61
41	71
41	77
41	84
41	92
41	98
41	125
41	138
41	150
41	155
41	157
41	180
41	181
41	182
41	191
41	198
41	205
41	208
41	209
42	2
42	3
42	5
42	6
42	8
42	9
42	10
42	11
42	12
42	13
42	14
42	16
42	17
42	18
42	19
42	20
42	21
42	22
42	23
42	25
42	26
42	27
42	30
42	31
42	32
42	35
42	36
42	37
42	38
42	41
42	43
42	44
42	45
42	47
42	48
42	49
42	50
42	51
42	52
42	53
42	54
42	55
42	56
42	57
42	58
42	59
42	60
42	61
42	62
42	63
42	65
42	66
42	67
42	68
42	69
42	70
42	71
42	72
42	76
42	77
42	78
42	80
42	81
42	82
42	84
42	87
42	89
42	90
42	91
42	92
42	93
42	94
42	95
42	96
42	97
42	98
42	99
42	100
42	101
42	102
42	103
42	105
42	106
42	108
42	109
42	112
42	113
42	114
42	115
42	116
42	117
42	118
42	119
42	120
42	123
42	124
42	125
42	126
42	127
42	128
42	129
42	130
42	131
42	132
42	134
42	135
42	136
42	137
42	138
42	140
42	142
42	143
42	144
42	146
42	148
42	149
42	150
42	151
42	152
42	154
42	155
42	156
42	157
42	158
42	159
42	160
42	161
42	163
42	164
42	166
42	170
42	171
42	172
42	173
42	175
42	176
42	177
42	180
42	181
42	182
42	183
42	184
42	186
42	187
42	190
42	191
42	193
42	195
42	196
42	197
42	198
42	199
42	201
42	202
42	203
42	204
42	205
42	206
42	208
42	209
42	211
42	212
42	213
42	216
42	217
42	218
43	3
43	8
43	9
43	12
43	13
43	17
43	20
43	25
43	30
43	31
43	32
43	35
43	36
43	37
43	41
43	42
43	44
43	45
43	49
43	51
43	53
43	54
43	57
43	60
43	61
43	63
43	66
43	68
43	69
43	70
43	71
43	72
43	77
43	78
43	80
43	84
43	90
43	91
43	92
43	93
43	96
43	97
43	98
43	100
43	101
43	102
43	103
43	104
43	105
43	108
43	109
43	113
43	114
43	115
43	117
43	118
43	123
43	125
43	126
43	127
43	129
43	131
43	133
43	134
43	135
43	136
43	137
43	140
43	142
43	146
43	148
43	149
43	152
43	154
43	155
43	156
43	157
43	158
43	159
43	160
43	164
43	170
43	171
43	172
43	175
43	176
43	177
43	178
43	180
43	181
43	182
43	186
43	187
43	190
43	191
43	196
43	197
43	198
43	202
43	203
43	204
43	205
43	208
43	209
43	211
43	212
43	213
43	218
44	37
44	42
44	43
44	51
44	57
44	77
44	92
44	93
44	96
44	100
44	109
44	125
44	129
44	136
44	142
44	157
44	175
44	177
44	180
44	186
44	187
44	209
44	213
45	9
45	10
45	11
45	12
45	13
45	18
45	20
45	21
45	23
45	25
45	30
45	32
45	37
45	39
45	41
45	42
45	43
45	49
45	51
45	52
45	54
45	60
45	61
45	63
45	66
45	70
45	71
45	77
45	80
45	84
45	89
45	92
45	93
45	96
45	98
45	99
45	100
45	123
45	125
45	129
45	134
45	135
45	142
45	148
45	151
45	154
45	155
45	157
45	158
45	159
45	160
45	172
45	175
45	176
45	177
45	181
45	182
45	186
45	187
45	191
45	196
45	197
45	198
45	205
45	209
45	212
47	91
48	69
49	37
49	42
49	43
49	45
49	63
49	71
49	84
49	89
49	98
49	105
49	117
49	125
49	138
49	148
49	157
49	177
49	181
49	187
49	209
49	213
50	74
50	78
50	98
51	2
51	13
51	26
51	32
51	42
51	43
51	54
51	57
51	66
51	71
51	77
51	90
51	98
51	100
51	105
51	113
51	125
51	127
51	129
51	135
51	142
51	154
51	157
51	160
51	170
51	172
51	176
51	177
51	181
51	187
51	190
51	191
51	198
51	205
51	209
51	213
52	16
52	42
52	49
52	98
52	117
52	125
52	134
52	155
52	181
52	198
53	20
53	32
53	77
53	80
53	97
53	105
53	181
53	198
53	204
53	205
53	209
54	9
54	12
54	13
54	19
54	20
54	26
54	30
54	32
54	37
54	42
54	45
54	51
54	57
54	62
54	66
54	70
54	71
54	77
54	80
54	90
54	91
54	92
54	93
54	97
54	98
54	100
54	102
54	105
54	108
54	109
54	113
54	123
54	125
54	135
54	142
54	151
54	154
54	155
54	157
54	159
54	160
54	170
54	172
54	173
54	175
54	176
54	177
54	181
54	182
54	186
54	187
54	190
54	191
54	198
54	203
54	204
54	205
54	209
54	213
55	12
55	32
55	35
55	42
55	45
55	54
55	60
55	92
55	98
55	100
55	140
55	154
55	156
55	170
55	191
55	203
56	37
56	154
57	1
57	12
57	13
57	20
57	25
57	26
57	28
57	30
57	32
57	37
57	41
57	42
57	43
57	45
57	51
57	52
57	54
57	61
57	66
57	68
57	70
57	71
57	72
57	77
57	78
57	80
57	81
57	84
57	90
57	91
57	92
57	96
57	97
57	98
57	99
57	100
57	102
57	103
57	105
57	108
57	109
57	113
57	114
57	120
57	123
57	125
57	129
57	130
57	131
57	135
57	136
57	137
57	142
57	152
57	154
57	155
57	157
57	159
57	160
57	168
57	170
57	172
57	175
57	176
57	177
57	180
57	181
57	183
57	186
57	187
57	191
57	197
57	198
57	203
57	204
57	205
57	208
57	209
57	212
57	213
58	43
58	67
58	98
58	146
58	181
58	182
58	204
59	42
59	98
59	125
59	213
60	8
60	30
60	37
60	42
60	43
60	52
60	57
60	84
60	88
60	92
60	98
60	99
60	100
60	125
60	181
60	209
61	11
61	13
61	18
61	37
61	39
61	41
61	42
61	43
61	45
61	49
61	52
61	63
61	77
61	84
61	92
61	98
61	125
61	151
61	154
61	159
61	181
61	186
61	209
61	212
62	3
62	9
62	12
62	13
62	15
62	17
62	20
62	26
62	30
62	37
62	41
62	42
62	43
62	53
62	65
62	67
62	70
62	71
62	77
62	80
62	92
62	93
62	94
62	98
62	100
62	101
62	105
62	108
62	109
62	120
62	125
62	129
62	135
62	137
62	142
62	143
62	146
62	155
62	156
62	157
62	158
62	159
62	170
62	172
62	180
62	181
62	182
62	183
62	187
62	191
62	197
62	198
62	203
62	204
62	205
62	206
62	209
62	217
63	37
63	49
63	60
63	70
63	71
63	84
63	89
63	125
63	138
63	148
63	209
64	71
65	42
65	92
65	98
65	181
65	191
65	198
65	204
66	19
66	30
66	42
66	43
66	54
66	57
66	70
66	71
66	77
66	91
66	92
66	93
66	96
66	98
66	108
66	113
66	125
66	142
66	155
66	160
66	168
66	172
66	176
66	177
66	181
66	186
66	187
66	203
66	205
66	209
67	19
67	20
67	36
67	42
67	43
67	54
67	58
67	70
67	71
67	76
67	77
67	80
67	90
67	92
67	93
67	98
67	146
67	152
67	157
67	159
67	176
67	180
67	181
67	182
67	191
67	198
67	203
67	205
67	209
68	91
68	98
68	113
69	12
69	104
69	137
69	149
69	167
69	195
69	209
70	9
70	12
70	13
70	14
70	20
70	30
70	32
70	37
70	42
70	43
70	51
70	54
70	57
70	60
70	63
70	66
70	68
70	71
70	77
70	80
70	81
70	90
70	91
70	92
70	97
70	98
70	100
70	108
70	113
70	120
70	125
70	135
70	137
70	142
70	151
70	154
70	155
70	157
70	159
70	160
70	175
70	176
70	177
70	180
70	181
70	186
70	187
70	191
70	198
70	203
70	204
70	205
70	209
70	213
71	3
71	5
71	6
71	9
71	10
71	12
71	13
71	14
71	16
71	18
71	19
71	20
71	22
71	23
71	25
71	26
71	27
71	30
71	32
71	33
71	36
71	37
71	41
71	42
71	43
71	44
71	45
71	47
71	50
71	51
71	52
71	53
71	54
71	55
71	56
71	57
71	60
71	61
71	62
71	64
71	66
71	70
71	72
71	74
71	76
71	77
71	78
71	80
71	83
71	84
71	90
71	91
71	92
71	93
71	94
71	96
71	97
71	98
71	100
71	101
71	102
71	103
71	105
71	108
71	109
71	113
71	114
71	115
71	117
71	118
71	119
71	120
71	123
71	124
71	125
71	129
71	132
71	135
71	136
71	137
71	139
71	140
71	142
71	144
71	146
71	148
71	151
71	152
71	154
71	155
71	156
71	157
71	158
71	159
71	160
71	164
71	170
71	171
71	172
71	173
71	175
71	176
71	177
71	180
71	181
71	182
71	186
71	187
71	190
71	191
71	193
71	196
71	197
71	198
71	203
71	204
71	205
71	206
71	208
71	209
71	212
71	213
71	214
71	218
72	136
72	209
74	96
74	98
74	176
75	43
75	78
75	146
76	37
76	54
76	57
76	98
76	157
76	209
77	1
77	2
77	3
77	5
77	6
77	9
77	10
77	12
77	13
77	14
77	16
77	17
77	18
77	19
77	20
77	23
77	25
77	26
77	30
77	31
77	32
77	35
77	37
77	40
77	41
77	42
77	43
77	44
77	45
77	49
77	50
77	51
77	52
77	53
77	54
77	56
77	57
77	60
77	61
77	62
77	63
77	66
77	67
77	68
77	70
77	71
77	72
77	75
77	76
77	78
77	79
77	80
77	81
77	82
77	84
77	89
77	90
77	91
77	92
77	93
77	95
77	96
77	97
77	98
77	99
77	100
77	101
77	102
77	103
77	105
77	106
77	108
77	109
77	111
77	112
77	113
77	114
77	115
77	117
77	118
77	120
77	123
77	125
77	126
77	127
77	129
77	132
77	134
77	135
77	136
77	137
77	138
77	139
77	140
77	141
77	142
77	144
77	146
77	148
77	151
77	152
77	154
77	155
77	156
77	157
77	158
77	159
77	160
77	164
77	166
77	170
77	172
77	174
77	175
77	176
77	177
77	180
77	181
77	182
77	183
77	184
77	186
77	187
77	188
77	190
77	191
77	196
77	197
77	198
77	199
77	202
77	203
77	204
77	205
77	206
77	208
77	209
77	210
77	212
77	213
77	217
77	218
78	37
78	180
78	209
80	2
80	12
80	13
80	20
80	30
80	32
80	37
80	42
80	43
80	51
80	53
80	54
80	57
80	70
80	71
80	72
80	76
80	77
80	90
80	91
80	92
80	93
80	96
80	97
80	98
80	100
80	105
80	113
80	120
80	125
80	127
80	135
80	136
80	137
80	142
80	146
80	154
80	155
80	157
80	159
80	160
80	172
80	175
80	177
80	180
80	181
80	186
80	187
80	190
80	191
80	197
80	198
80	204
80	205
80	208
80	209
81	57
81	70
81	91
81	92
81	142
81	198
82	51
83	175
84	37
84	43
84	45
84	49
84	63
84	89
84	98
84	105
84	125
84	137
84	138
84	148
84	187
84	209
85	37
85	92
85	98
87	8
87	42
87	148
87	163
87	164
87	196
88	37
88	99
88	125
88	148
88	209
88	213
89	37
89	49
89	63
89	77
89	84
89	98
89	148
89	154
89	181
89	209
90	13
90	20
90	26
90	32
90	37
90	42
90	43
90	51
90	54
90	57
90	70
90	71
90	77
90	80
90	81
90	92
90	98
90	100
90	105
90	108
90	109
90	113
90	129
90	135
90	137
90	142
90	154
90	155
90	157
90	158
90	159
90	160
90	170
90	172
90	176
90	177
90	180
90	181
90	186
90	187
90	191
90	198
90	203
90	205
90	209
91	13
91	20
91	37
91	42
91	43
91	54
91	57
91	66
91	68
91	70
91	71
91	72
91	77
91	98
91	113
91	129
91	135
91	142
91	154
91	155
91	170
91	180
91	181
91	186
91	187
91	191
91	197
91	198
91	205
91	209
91	213
92	2
92	3
92	6
92	9
92	10
92	12
92	13
92	14
92	16
92	17
92	18
92	19
92	20
92	23
92	24
92	25
92	26
92	30
92	31
92	32
92	35
92	36
92	37
92	41
92	42
92	43
92	44
92	45
92	49
92	50
92	51
92	53
92	54
92	55
92	56
92	57
92	61
92	62
92	63
92	64
92	66
92	67
92	68
92	69
92	70
92	71
92	72
92	77
92	78
92	80
92	81
92	89
92	90
92	91
92	93
92	94
92	95
92	96
92	97
92	98
92	100
92	101
92	102
92	103
92	105
92	108
92	109
92	113
92	114
92	115
92	116
92	117
92	118
92	120
92	123
92	125
92	126
92	127
92	129
92	130
92	131
92	132
92	133
92	134
92	135
92	136
92	137
92	138
92	140
92	142
92	144
92	146
92	151
92	152
92	154
92	155
92	156
92	157
92	158
92	159
92	160
92	161
92	163
92	164
92	170
92	172
92	174
92	175
92	176
92	177
92	179
92	180
92	181
92	182
92	186
92	187
92	190
92	191
92	196
92	197
92	198
92	202
92	203
92	204
92	205
92	206
92	208
92	209
92	212
92	213
92	216
92	217
92	218
93	8
93	9
93	12
93	13
93	17
93	18
93	20
93	26
93	29
93	30
93	31
93	32
93	35
93	37
93	42
93	43
93	44
93	45
93	49
93	50
93	51
93	54
93	57
93	60
93	62
93	63
93	69
93	70
93	71
93	72
93	73
93	77
93	80
93	83
93	90
93	91
93	92
93	96
93	98
93	100
93	101
93	105
93	109
93	117
93	118
93	120
93	123
93	125
93	127
93	129
93	131
93	134
93	135
93	136
93	137
93	138
93	142
93	146
93	152
93	154
93	155
93	156
93	157
93	159
93	160
93	170
93	172
93	175
93	176
93	177
93	180
93	181
93	182
93	186
93	187
93	191
93	192
93	195
93	198
93	203
93	204
93	205
93	208
93	209
93	211
93	213
93	214
94	2
94	10
94	13
94	19
94	26
94	30
94	35
94	37
94	42
94	43
94	53
94	54
94	57
94	70
94	76
94	77
94	80
94	92
94	98
94	100
94	105
94	109
94	125
94	135
94	146
94	152
94	155
94	156
94	159
94	160
94	170
94	181
94	198
94	203
94	204
94	205
94	208
94	213
95	92
95	181
95	188
95	204
96	10
96	12
96	13
96	19
96	20
96	25
96	35
96	37
96	42
96	43
96	51
96	54
96	57
96	66
96	70
96	71
96	77
96	80
96	90
96	91
96	92
96	93
96	98
96	100
96	102
96	105
96	109
96	114
96	120
96	129
96	135
96	137
96	142
96	146
96	154
96	155
96	157
96	159
96	168
96	170
96	175
96	177
96	180
96	181
96	186
96	187
96	191
96	198
96	204
96	205
96	208
96	209
96	218
97	2
97	12
97	18
97	32
97	37
97	42
97	43
97	44
97	45
97	54
97	57
97	63
97	66
97	70
97	71
97	77
97	80
97	91
97	92
97	98
97	99
97	100
97	101
97	108
97	125
97	135
97	137
97	142
97	143
97	148
97	154
97	157
97	160
97	180
97	181
97	187
97	191
97	198
97	203
97	205
97	209
97	212
98	1
98	2
98	3
98	5
98	6
98	9
98	10
98	12
98	13
98	14
98	16
98	17
98	19
98	20
98	22
98	23
98	25
98	26
98	28
98	29
98	30
98	31
98	32
98	33
98	34
98	35
98	36
98	37
98	38
98	39
98	41
98	42
98	43
98	44
98	45
98	47
98	49
98	50
98	51
98	52
98	53
98	54
98	55
98	56
98	57
98	60
98	61
98	62
98	63
98	65
98	66
98	67
98	68
98	69
98	70
98	71
98	72
98	74
98	76
98	77
98	78
98	80
98	81
98	83
98	84
98	90
98	91
98	92
98	93
98	95
98	96
98	97
98	100
98	101
98	102
98	105
98	107
98	108
98	109
98	112
98	113
98	114
98	115
98	117
98	118
98	120
98	123
98	125
98	126
98	127
98	129
98	130
98	135
98	136
98	137
98	140
98	142
98	143
98	144
98	146
98	148
98	151
98	152
98	154
98	155
98	156
98	157
98	158
98	159
98	160
98	161
98	164
98	165
98	170
98	171
98	172
98	175
98	176
98	177
98	180
98	181
98	182
98	186
98	187
98	190
98	191
98	196
98	197
98	198
98	202
98	203
98	204
98	205
98	208
98	209
98	210
98	212
98	213
98	218
99	8
99	21
99	154
99	164
99	213
100	3
100	9
100	12
100	13
100	16
100	17
100	18
100	20
100	23
100	25
100	30
100	31
100	35
100	37
100	41
100	42
100	43
100	44
100	45
100	49
100	50
100	51
100	52
100	53
100	54
100	55
100	57
100	60
100	62
100	63
100	66
100	67
100	68
100	70
100	71
100	72
100	77
100	78
100	80
100	84
100	87
100	90
100	91
100	92
100	93
100	96
100	97
100	98
100	99
100	102
100	103
100	105
100	109
100	113
100	117
100	118
100	123
100	125
100	126
100	127
100	129
100	131
100	135
100	136
100	137
100	138
100	140
100	142
100	144
100	146
100	148
100	151
100	152
100	154
100	155
100	156
100	157
100	159
100	160
100	167
100	170
100	172
100	175
100	177
100	180
100	181
100	182
100	186
100	187
100	188
100	191
100	192
100	196
100	197
100	198
100	203
100	204
100	205
100	206
100	208
100	209
100	212
100	213
100	216
100	218
101	53
101	62
101	77
101	92
101	95
101	98
101	105
101	143
101	146
101	157
101	170
101	180
101	188
101	204
101	205
102	30
102	42
102	77
102	92
102	98
102	106
102	146
102	160
102	181
102	187
102	198
102	203
102	205
103	9
103	12
103	13
103	17
103	30
103	34
103	37
103	42
103	43
103	67
103	77
103	92
103	93
103	96
103	98
103	105
103	115
103	123
103	124
103	125
103	132
103	137
103	146
103	157
103	161
103	175
103	179
103	180
103	181
103	182
103	191
103	196
103	198
103	202
103	204
103	205
103	206
103	209
103	212
103	217
103	218
104	92
105	16
105	92
105	98
105	146
105	156
105	170
105	204
106	42
106	92
106	102
106	146
106	157
106	160
106	198
106	204
106	205
106	210
107	191
108	13
108	19
108	32
108	42
108	51
108	57
108	66
108	70
108	80
108	98
108	113
108	154
108	160
108	170
108	186
108	203
109	13
109	42
109	43
109	47
109	53
109	54
109	57
109	77
109	92
109	98
109	101
109	105
109	111
109	122
109	135
109	140
109	144
109	156
109	170
109	181
109	186
109	188
109	198
109	204
109	205
109	213
111	98
112	98
112	157
112	188
112	197
112	204
113	19
113	20
113	42
113	43
113	54
113	57
113	66
113	70
113	71
113	77
113	80
113	90
113	91
113	92
113	97
113	98
113	105
113	108
113	135
113	142
113	154
113	155
113	158
113	160
113	170
113	172
113	181
113	186
113	187
113	203
113	204
113	205
113	209
114	20
114	68
114	70
114	71
114	77
114	80
114	135
114	154
114	160
114	181
114	187
114	205
115	71
115	77
115	93
115	98
115	105
115	123
115	124
115	157
115	175
115	180
115	206
116	146
116	170
116	180
117	12
117	13
117	16
117	20
117	30
117	31
117	35
117	37
117	42
117	43
117	45
117	51
117	53
117	57
117	61
117	69
117	70
117	71
117	77
117	80
117	91
117	92
117	93
117	96
117	98
117	100
117	102
117	105
117	106
117	109
117	118
117	123
117	125
117	129
117	131
117	135
117	137
117	144
117	146
117	152
117	154
117	157
117	159
117	170
117	175
117	178
117	180
117	181
117	182
117	186
117	187
117	191
117	198
117	204
117	205
117	209
117	211
117	213
119	13
119	37
119	42
119	54
119	71
119	78
119	98
119	123
119	181
119	198
119	209
120	71
120	77
120	98
120	159
120	205
121	191
122	42
122	98
122	125
122	181
123	37
123	71
123	98
123	100
123	124
123	154
123	173
123	181
123	187
123	209
125	9
125	12
125	13
125	15
125	16
125	18
125	21
125	23
125	25
125	30
125	37
125	41
125	42
125	43
125	45
125	49
125	52
125	54
125	57
125	60
125	63
125	70
125	71
125	77
125	84
125	89
125	92
125	93
125	98
125	100
125	101
125	105
125	135
125	137
125	138
125	142
125	146
125	148
125	151
125	154
125	155
125	157
125	159
125	160
125	170
125	175
125	176
125	177
125	180
125	181
125	186
125	187
125	191
125	196
125	197
125	198
125	203
125	205
125	208
125	209
125	212
125	213
126	42
126	54
126	92
126	98
126	157
126	160
126	191
126	209
127	135
127	172
128	209
129	12
129	13
129	20
129	36
129	37
129	42
129	43
129	47
129	57
129	70
129	71
129	77
129	92
129	95
129	98
129	100
129	105
129	120
129	135
129	136
129	142
129	151
129	152
129	155
129	157
129	160
129	170
129	171
129	172
129	175
129	176
129	180
129	181
129	186
129	187
129	197
129	198
129	204
129	205
129	209
130	42
130	71
130	98
130	109
130	157
131	42
131	92
131	98
131	135
131	146
131	175
131	204
131	213
132	6
132	12
132	13
132	27
132	32
132	37
132	51
132	57
132	66
132	71
132	77
132	80
132	90
132	92
132	98
132	108
132	123
132	142
132	146
132	154
132	155
132	157
132	172
132	177
132	181
132	187
132	198
132	205
132	209
133	17
133	30
133	37
133	41
133	42
133	43
133	71
133	80
133	92
133	98
133	125
133	146
133	157
133	175
133	180
133	181
133	182
133	191
133	204
133	209
133	213
134	7
134	11
134	18
134	60
134	82
134	87
134	140
134	163
134	164
135	1
135	5
135	9
135	11
135	12
135	13
135	19
135	20
135	26
135	27
135	30
135	31
135	32
135	37
135	38
135	42
135	43
135	44
135	45
135	49
135	50
135	51
135	52
135	53
135	54
135	57
135	60
135	62
135	63
135	66
135	67
135	68
135	70
135	71
135	76
135	77
135	78
135	80
135	84
135	89
135	90
135	91
135	92
135	93
135	94
135	96
135	97
135	98
135	99
135	100
135	101
135	102
135	105
135	108
135	109
135	113
135	114
135	117
135	120
135	125
135	129
135	134
135	136
135	137
135	142
135	144
135	146
135	151
135	152
135	154
135	155
135	156
135	157
135	158
135	159
135	160
135	161
135	170
135	171
135	172
135	175
135	176
135	177
135	180
135	181
135	182
135	184
135	186
135	187
135	190
135	191
135	196
135	197
135	198
135	203
135	204
135	205
135	209
135	212
135	213
135	217
135	218
136	209
136	214
137	12
137	13
137	16
137	20
137	23
137	32
137	35
137	37
137	41
137	42
137	43
137	44
137	48
137	51
137	54
137	57
137	60
137	63
137	66
137	69
137	70
137	71
137	72
137	77
137	90
137	91
137	92
137	93
137	96
137	97
137	98
137	100
137	104
137	105
137	109
137	117
137	125
137	135
137	136
137	142
137	146
137	149
137	152
137	154
137	155
137	156
137	157
137	159
137	160
137	167
137	170
137	175
137	176
137	178
137	180
137	181
137	182
137	186
137	187
137	190
137	191
137	195
137	198
137	201
137	203
137	204
137	205
137	208
137	209
137	211
137	213
138	42
138	43
138	49
138	61
138	63
138	84
138	89
138	98
138	125
138	148
138	154
138	181
138	209
139	20
139	33
139	71
139	92
139	119
139	125
139	129
139	140
139	198
139	209
140	17
140	30
140	37
140	42
140	43
140	50
140	67
140	71
140	77
140	80
140	92
140	98
140	100
140	123
140	125
140	139
140	155
140	180
140	181
140	198
140	205
140	209
142	9
142	13
142	20
142	30
142	32
142	37
142	42
142	43
142	44
142	54
142	57
142	66
142	68
142	70
142	71
142	77
142	80
142	81
142	90
142	91
142	92
142	96
142	98
142	100
142	108
142	113
142	115
142	135
142	137
142	144
142	154
142	155
142	157
142	159
142	160
142	175
142	181
142	186
142	187
142	191
142	198
142	203
142	204
142	205
142	206
142	209
143	42
143	157
144	92
144	146
144	152
144	156
144	170
144	204
144	209
145	2
145	3
145	9
145	10
145	12
145	13
145	16
145	17
145	18
145	19
145	20
145	25
145	26
145	30
145	31
145	32
145	35
145	37
145	41
145	42
145	43
145	44
145	45
145	49
145	50
145	51
145	53
145	54
145	57
145	61
145	62
145	63
145	66
145	68
145	69
145	70
145	71
145	72
145	77
145	80
145	81
145	84
145	89
145	90
145	91
145	92
145	93
145	95
145	96
145	97
145	98
145	99
145	100
145	101
145	102
145	105
145	108
145	109
145	113
145	115
145	117
145	118
145	120
145	123
145	124
145	125
145	126
145	127
145	129
145	135
145	136
145	137
145	138
145	140
145	142
145	146
145	148
145	149
145	150
145	151
145	152
145	154
145	155
145	156
145	157
145	158
145	159
145	160
145	166
145	170
145	172
145	175
145	176
145	177
145	180
145	181
145	182
145	186
145	187
145	190
145	191
145	196
145	197
145	198
145	203
145	204
145	205
145	208
145	209
145	212
145	213
146	1
146	9
146	12
146	13
146	16
146	17
146	18
146	19
146	20
146	26
146	27
146	30
146	32
146	35
146	37
146	41
146	42
146	43
146	44
146	51
146	53
146	54
146	55
146	57
146	61
146	62
146	66
146	68
146	70
146	71
146	77
146	79
146	80
146	90
146	91
146	92
146	93
146	96
146	98
146	100
146	102
146	103
146	105
146	108
146	109
146	115
146	117
146	120
146	125
146	127
146	129
146	132
146	135
146	136
146	137
146	142
146	144
146	147
146	151
146	152
146	154
146	155
146	156
146	157
146	158
146	159
146	160
146	170
146	172
146	175
146	176
146	177
146	180
146	181
146	182
146	186
146	187
146	191
146	194
146	197
146	198
146	203
146	204
146	205
146	206
146	208
146	209
146	212
146	213
146	215
146	216
148	8
148	18
148	21
148	30
148	41
148	42
148	43
148	45
148	49
148	52
148	59
148	60
148	61
148	63
148	71
148	72
148	84
148	87
148	88
148	89
148	91
148	92
148	98
148	99
148	117
148	125
148	134
148	138
148	157
148	163
148	164
148	180
148	181
148	196
148	209
148	212
149	42
149	71
149	77
149	98
149	175
149	178
149	181
150	9
150	13
150	20
150	25
150	30
150	37
150	41
150	42
150	43
150	51
150	54
150	57
150	70
150	71
150	77
150	92
150	96
150	98
150	109
150	125
150	135
150	154
150	155
150	157
150	181
150	191
150	198
150	208
150	209
150	213
151	8
151	9
151	11
151	12
151	18
151	25
151	30
151	32
151	37
151	41
151	42
151	43
151	45
151	52
151	53
151	54
151	61
151	63
151	77
151	84
151	89
151	90
151	92
151	96
151	98
151	100
151	105
151	109
151	125
151	134
151	135
151	137
151	138
151	142
151	146
151	148
151	154
151	155
151	159
151	164
151	175
151	181
151	187
151	191
151	198
151	205
151	208
151	209
151	212
152	12
152	13
152	17
152	20
152	32
152	37
152	42
152	43
152	71
152	77
152	83
152	91
152	92
152	93
152	96
152	97
152	98
152	100
152	105
152	109
152	117
152	125
152	135
152	137
152	142
152	151
152	154
152	156
152	157
152	159
152	160
152	164
152	170
152	175
152	178
152	180
152	181
152	191
152	196
152	198
152	204
152	205
152	207
152	208
152	209
152	213
154	5
154	12
154	13
154	19
154	20
154	26
154	30
154	32
154	37
154	42
154	43
154	45
154	51
154	54
154	57
154	66
154	68
154	70
154	71
154	77
154	80
154	90
154	91
154	92
154	96
154	97
154	98
154	100
154	102
154	105
154	106
154	108
154	109
154	113
154	115
154	120
154	125
154	129
154	135
154	142
154	148
154	155
154	157
154	158
154	159
154	160
154	170
154	172
154	175
154	176
154	177
154	181
154	186
154	187
154	190
154	191
154	197
154	198
154	203
154	204
154	205
154	209
155	3
155	6
155	9
155	12
155	13
155	17
155	19
155	20
155	30
155	32
155	37
155	38
155	42
155	43
155	45
155	47
155	50
155	51
155	53
155	54
155	57
155	66
155	70
155	71
155	77
155	80
155	86
155	90
155	92
155	93
155	96
155	97
155	98
155	100
155	102
155	105
155	113
155	117
155	125
155	129
155	130
155	135
155	137
155	142
155	143
155	144
155	146
155	151
155	154
155	156
155	157
155	158
155	159
155	160
155	169
155	170
155	175
155	176
155	177
155	180
155	181
155	186
155	187
155	190
155	191
155	197
155	198
155	203
155	204
155	205
155	209
155	212
155	213
156	17
156	42
156	77
156	135
156	146
156	148
156	155
156	157
156	175
156	204
156	205
157	6
157	9
157	12
157	13
157	16
157	17
157	19
157	20
157	25
157	26
157	30
157	32
157	35
157	37
157	42
157	43
157	44
157	45
157	49
157	51
157	52
157	54
157	57
157	60
157	63
157	67
157	70
157	71
157	77
157	78
157	80
157	82
157	84
157	91
157	92
157	93
157	96
157	97
157	98
157	99
157	100
157	102
157	105
157	107
157	108
157	109
157	113
157	115
157	117
157	123
157	125
157	126
157	127
157	129
157	131
157	135
157	136
157	137
157	138
157	140
157	142
157	146
157	148
157	149
157	151
157	152
157	154
157	155
157	156
157	158
157	159
157	160
157	170
157	172
157	175
157	176
157	177
157	180
157	181
157	182
157	186
157	187
157	188
157	191
157	197
157	198
157	202
157	203
157	204
157	205
157	209
157	210
157	212
157	213
158	98
158	155
158	159
158	181
158	198
158	203
159	3
159	10
159	12
159	13
159	20
159	26
159	30
159	32
159	37
159	42
159	45
159	51
159	54
159	57
159	67
159	70
159	71
159	77
159	80
159	90
159	91
159	97
159	98
159	100
159	102
159	105
159	125
159	135
159	137
159	142
159	154
159	155
159	156
159	157
159	158
159	160
159	172
159	176
159	177
159	180
159	181
159	186
159	187
159	190
159	191
159	197
159	198
159	203
159	205
159	209
159	213
160	5
160	6
160	9
160	10
160	13
160	14
160	19
160	20
160	30
160	32
160	37
160	42
160	43
160	51
160	54
160	55
160	57
160	62
160	66
160	70
160	71
160	76
160	77
160	80
160	90
160	92
160	98
160	100
160	102
160	106
160	108
160	109
160	113
160	142
160	146
160	154
160	155
160	157
160	158
160	159
160	168
160	180
160	181
160	187
160	189
160	198
160	203
160	205
160	208
160	209
160	210
160	213
161	42
161	43
161	92
161	98
163	26
166	59
167	191
168	80
168	198
170	1
170	12
170	16
170	17
170	30
170	42
170	43
170	54
170	55
170	58
170	65
170	71
170	92
170	98
170	100
170	105
170	109
170	125
170	142
170	144
170	146
170	152
170	154
170	155
170	156
170	157
170	161
170	179
170	180
170	181
170	183
170	187
170	188
170	191
170	197
170	198
170	204
170	205
170	213
170	216
171	38
171	43
171	71
171	75
171	86
171	98
171	119
171	155
171	181
171	209
172	2
172	13
172	19
172	26
172	32
172	37
172	42
172	51
172	54
172	57
172	71
172	77
172	90
172	98
172	127
172	155
172	159
172	160
172	177
172	181
172	186
172	190
172	198
172	205
172	209
173	190
174	13
174	17
174	26
174	37
174	71
174	149
175	1
175	12
175	13
175	14
175	16
175	17
175	30
175	31
175	35
175	37
175	41
175	42
175	43
175	44
175	45
175	48
175	51
175	55
175	57
175	69
175	71
175	77
175	83
175	90
175	92
175	93
175	96
175	98
175	100
175	105
175	117
175	118
175	123
175	125
175	131
175	135
175	137
175	142
175	144
175	146
175	149
175	152
175	155
175	156
175	157
175	160
175	170
175	173
175	177
175	178
175	180
175	181
175	182
175	187
175	191
175	192
175	198
175	204
175	205
175	209
175	211
175	212
175	213
176	13
176	20
176	26
176	32
176	37
176	42
176	43
176	51
176	54
176	57
176	66
176	70
176	71
176	77
176	80
176	90
176	92
176	97
176	98
176	100
176	108
176	113
176	126
176	129
176	135
176	137
176	142
176	154
176	155
176	158
176	159
176	160
176	170
176	172
176	177
176	181
176	186
176	187
176	198
176	203
176	204
176	205
176	209
177	2
177	12
177	13
177	19
177	20
177	26
177	30
177	32
177	37
177	42
177	43
177	45
177	51
177	54
177	57
177	66
177	70
177	71
177	72
177	77
177	80
177	90
177	92
177	98
177	100
177	108
177	125
177	127
177	129
177	135
177	137
177	142
177	146
177	154
177	155
177	157
177	158
177	159
177	160
177	172
177	176
177	181
177	182
177	186
177	187
177	190
177	191
177	198
177	203
177	205
177	208
177	209
178	209
179	17
179	42
179	92
179	98
179	146
179	204
180	6
180	9
180	12
180	13
180	19
180	20
180	25
180	27
180	30
180	34
180	37
180	41
180	42
180	43
180	45
180	51
180	53
180	54
180	56
180	57
180	66
180	67
180	70
180	71
180	77
180	78
180	80
180	90
180	91
180	92
180	93
180	96
180	97
180	98
180	100
180	101
180	103
180	105
180	109
180	110
180	113
180	115
180	116
180	119
180	123
180	124
180	125
180	127
180	129
180	130
180	132
180	135
180	136
180	137
180	138
180	140
180	142
180	146
180	148
180	152
180	154
180	155
180	157
180	158
180	159
180	160
180	162
180	170
180	172
180	173
180	175
180	176
180	177
180	181
180	183
180	185
180	186
180	187
180	190
180	191
180	197
180	198
180	202
180	204
180	205
180	206
180	208
180	209
180	212
180	213
180	217
180	218
181	2
181	3
181	5
181	9
181	10
181	12
181	13
181	15
181	17
181	19
181	20
181	25
181	26
181	29
181	30
181	32
181	35
181	36
181	37
181	38
181	41
181	42
181	43
181	44
181	45
181	49
181	51
181	52
181	53
181	54
181	55
181	57
181	60
181	61
181	62
181	63
181	66
181	68
181	70
181	71
181	72
181	74
181	76
181	77
181	79
181	80
181	81
181	83
181	84
181	90
181	91
181	92
181	93
181	96
181	97
181	98
181	99
181	100
181	101
181	102
181	105
181	108
181	109
181	113
181	117
181	120
181	123
181	125
181	129
181	134
181	135
181	136
181	137
181	140
181	142
181	146
181	148
181	150
181	151
181	152
181	154
181	155
181	156
181	157
181	159
181	160
181	170
181	171
181	172
181	175
181	176
181	177
181	180
181	182
181	186
181	187
181	190
181	191
181	197
181	198
181	203
181	204
181	205
181	206
181	208
181	209
181	210
181	212
181	213
182	12
182	13
182	16
182	17
182	37
182	42
182	54
182	57
182	77
182	80
182	92
182	96
182	98
182	100
182	105
182	117
182	118
182	146
182	154
182	170
182	173
182	175
182	186
182	205
182	209
183	20
183	32
183	42
183	43
183	62
183	77
183	92
183	98
183	100
183	101
183	115
183	123
183	125
183	146
183	155
183	157
183	160
183	170
183	181
183	188
183	190
183	198
183	205
184	37
184	98
184	209
185	12
185	37
185	98
185	209
186	12
186	13
186	19
186	20
186	26
186	30
186	32
186	37
186	41
186	42
186	43
186	45
186	49
186	51
186	54
186	57
186	61
186	62
186	66
186	68
186	70
186	71
186	77
186	78
186	80
186	81
186	90
186	91
186	92
186	96
186	97
186	98
186	100
186	102
186	105
186	108
186	113
186	117
186	120
186	125
186	132
186	135
186	137
186	142
186	150
186	152
186	154
186	155
186	156
186	157
186	159
186	160
186	170
186	172
186	175
186	176
186	177
186	180
186	181
186	182
186	187
186	190
186	191
186	197
186	198
186	203
186	204
186	205
186	209
186	218
187	3
187	5
187	9
187	12
187	13
187	15
187	18
187	19
187	20
187	21
187	26
187	30
187	32
187	37
187	41
187	42
187	43
187	45
187	49
187	50
187	51
187	53
187	54
187	57
187	61
187	63
187	66
187	69
187	70
187	71
187	72
187	76
187	77
187	78
187	80
187	90
187	91
187	92
187	96
187	97
187	98
187	100
187	101
187	102
187	105
187	108
187	109
187	111
187	113
187	114
187	115
187	117
187	120
187	123
187	125
187	129
187	134
187	135
187	136
187	137
187	142
187	144
187	146
187	149
187	150
187	151
187	152
187	154
187	155
187	156
187	157
187	158
187	159
187	160
187	161
187	170
187	172
187	175
187	176
187	177
187	180
187	181
187	182
187	186
187	190
187	191
187	196
187	197
187	198
187	203
187	204
187	205
187	208
187	209
187	212
187	213
187	218
188	3
188	9
188	10
188	13
188	37
188	42
188	53
188	55
188	57
188	71
188	77
188	92
188	95
188	98
188	100
188	101
188	105
188	109
188	120
188	135
188	142
188	144
188	146
188	154
188	155
188	156
188	157
188	159
188	170
188	180
188	181
188	186
188	197
188	198
188	204
188	205
188	209
189	125
190	2
190	19
190	51
190	66
190	71
190	77
190	80
190	98
190	142
190	155
190	172
190	176
190	177
190	181
190	186
190	205
190	209
191	3
191	5
191	9
191	12
191	13
191	14
191	16
191	17
191	20
191	24
191	28
191	29
191	30
191	31
191	32
191	35
191	37
191	40
191	41
191	42
191	43
191	44
191	45
191	47
191	51
191	53
191	54
191	55
191	57
191	58
191	66
191	68
191	69
191	70
191	71
191	72
191	77
191	80
191	81
191	90
191	91
191	92
191	93
191	95
191	96
191	97
191	98
191	100
191	101
191	102
191	105
191	107
191	108
191	109
191	113
191	115
191	117
191	118
191	120
191	123
191	124
191	125
191	131
191	135
191	136
191	137
191	142
191	144
191	146
191	149
191	152
191	154
191	155
191	156
191	157
191	159
191	160
191	170
191	173
191	175
191	176
191	177
191	180
191	181
191	182
191	184
191	186
191	187
191	188
191	190
191	196
191	198
191	203
191	204
191	205
191	208
191	209
191	210
191	212
191	213
191	216
192	146
192	213
193	33
193	42
193	78
193	98
193	139
193	146
194	157
194	180
194	209
195	92
196	11
196	18
196	71
196	164
196	166
196	213
197	3
197	13
197	20
197	37
197	41
197	42
197	43
197	51
197	54
197	66
197	70
197	71
197	72
197	77
197	80
197	90
197	92
197	98
197	100
197	102
197	105
197	109
197	112
197	117
197	129
197	135
197	136
197	142
197	146
197	151
197	154
197	155
197	157
197	159
197	160
197	172
197	176
197	181
197	187
197	198
197	204
197	205
197	209
197	213
198	1
198	2
198	3
198	9
198	10
198	12
198	13
198	14
198	18
198	19
198	20
198	21
198	23
198	26
198	30
198	32
198	37
198	42
198	43
198	51
198	54
198	57
198	62
198	66
198	70
198	71
198	76
198	77
198	80
198	90
198	91
198	92
198	93
198	95
198	96
198	97
198	98
198	100
198	101
198	102
198	105
198	106
198	108
198	109
198	113
198	123
198	125
198	127
198	129
198	135
198	137
198	142
198	143
198	144
198	146
198	151
198	152
198	154
198	155
198	156
198	157
198	158
198	159
198	160
198	170
198	172
198	175
198	176
198	177
198	180
198	181
198	182
198	186
198	187
198	188
198	190
198	191
198	197
198	199
198	203
198	204
198	205
198	208
198	209
198	210
198	213
200	98
200	176
200	187
202	42
202	43
202	77
202	91
202	92
202	98
202	137
202	146
202	157
202	161
202	187
202	191
202	205
202	209
202	213
203	3
203	10
203	12
203	13
203	14
203	17
203	19
203	20
203	29
203	30
203	32
203	37
203	41
203	42
203	43
203	45
203	51
203	54
203	57
203	66
203	70
203	72
203	76
203	77
203	80
203	90
203	91
203	92
203	97
203	98
203	100
203	102
203	109
203	113
203	117
203	125
203	135
203	136
203	137
203	142
203	146
203	154
203	155
203	156
203	158
203	159
203	160
203	172
203	176
203	177
203	180
203	181
203	190
203	191
203	197
203	198
203	205
203	209
203	210
203	213
204	1
204	3
204	6
204	10
204	13
204	14
204	17
204	26
204	27
204	32
204	34
204	36
204	37
204	42
204	43
204	46
204	50
204	51
204	53
204	57
204	65
204	66
204	67
204	70
204	71
204	74
204	76
204	77
204	78
204	80
204	91
204	92
204	98
204	101
204	102
204	103
204	105
204	109
204	113
204	116
204	118
204	119
204	123
204	124
204	125
204	128
204	129
204	130
204	135
204	137
204	144
204	146
204	155
204	156
204	157
204	158
204	161
204	170
204	171
204	173
204	175
204	180
204	181
204	182
204	183
204	186
204	187
204	191
204	197
204	198
204	199
204	202
204	205
204	206
204	209
204	216
204	217
204	218
205	1
205	2
205	3
205	8
205	9
205	11
205	12
205	13
205	14
205	16
205	17
205	18
205	19
205	20
205	23
205	26
205	27
205	30
205	31
205	32
205	35
205	37
205	39
205	42
205	43
205	44
205	45
205	51
205	52
205	53
205	54
205	57
205	59
205	60
205	61
205	66
205	67
205	68
205	69
205	70
205	71
205	72
205	75
205	76
205	77
205	78
205	79
205	80
205	81
205	82
205	87
205	90
205	91
205	92
205	93
205	96
205	97
205	98
205	99
205	100
205	101
205	102
205	103
205	105
205	108
205	109
205	111
205	112
205	113
205	114
205	116
205	117
205	118
205	120
205	123
205	125
205	129
205	131
205	134
205	135
205	136
205	137
205	139
205	140
205	142
205	144
205	146
205	148
205	149
205	151
205	152
205	153
205	154
205	155
205	156
205	157
205	159
205	160
205	163
205	164
205	166
205	170
205	172
205	173
205	175
205	176
205	177
205	180
205	181
205	182
205	186
205	187
205	190
205	191
205	194
205	196
205	197
205	198
205	202
205	203
205	204
205	206
205	209
205	212
205	213
205	217
205	218
206	37
206	42
206	43
206	56
206	57
206	66
206	70
206	71
206	77
206	92
206	98
206	103
206	116
206	125
206	142
206	146
206	154
206	175
206	177
206	179
206	180
206	181
206	187
206	191
206	198
206	204
206	205
206	209
208	9
208	12
208	13
208	19
208	20
208	25
208	26
208	29
208	30
208	37
208	41
208	42
208	43
208	45
208	51
208	54
208	57
208	61
208	66
208	71
208	77
208	80
208	90
208	92
208	93
208	97
208	98
208	100
208	117
208	125
208	129
208	135
208	137
208	142
208	146
208	150
208	151
208	152
208	154
208	155
208	157
208	158
208	159
208	160
208	172
208	175
208	176
208	177
208	180
208	181
208	186
208	187
208	191
208	197
208	198
208	203
208	205
208	209
208	212
208	213
209	1
209	2
209	3
209	5
209	7
209	8
209	9
209	10
209	11
209	12
209	13
209	14
209	15
209	16
209	17
209	18
209	19
209	20
209	21
209	23
209	25
209	26
209	27
209	29
209	30
209	31
209	32
209	35
209	36
209	37
209	39
209	41
209	42
209	43
209	44
209	45
209	49
209	50
209	51
209	52
209	53
209	54
209	57
209	59
209	60
209	61
209	62
209	63
209	66
209	67
209	69
209	70
209	71
209	72
209	74
209	76
209	77
209	78
209	80
209	82
209	84
209	87
209	88
209	89
209	90
209	91
209	92
209	93
209	96
209	97
209	98
209	99
209	100
209	101
209	102
209	103
209	105
209	106
209	108
209	109
209	113
209	114
209	115
209	116
209	117
209	118
209	119
209	120
209	123
209	124
209	125
209	126
209	127
209	128
209	129
209	132
209	134
209	135
209	136
209	137
209	138
209	140
209	142
209	144
209	146
209	148
209	149
209	151
209	152
209	154
209	155
209	156
209	157
209	159
209	160
209	161
209	163
209	164
209	166
209	167
209	170
209	171
209	172
209	175
209	176
209	177
209	180
209	181
209	182
209	184
209	186
209	187
209	190
209	191
209	195
209	196
209	197
209	198
209	200
209	203
209	204
209	205
209	206
209	208
209	212
209	213
209	216
209	217
209	218
210	19
210	42
210	54
210	57
210	77
210	80
210	92
210	98
210	102
210	106
210	113
210	157
210	160
210	181
210	189
210	198
210	203
210	209
212	12
212	26
212	42
212	43
212	45
212	49
212	51
212	52
212	61
212	71
212	77
212	92
212	98
212	100
212	125
212	134
212	137
212	148
212	155
212	181
212	208
212	209
213	12
213	13
213	20
213	30
213	35
213	37
213	42
213	43
213	45
213	51
213	54
213	57
213	66
213	70
213	71
213	72
213	77
213	80
213	91
213	92
213	93
213	97
213	98
213	100
213	105
213	107
213	109
213	117
213	123
213	125
213	131
213	135
213	136
213	137
213	142
213	154
213	155
213	156
213	157
213	159
213	160
213	170
213	172
213	175
213	177
213	180
213	181
213	186
213	187
213	191
213	197
213	198
213	203
213	204
213	205
213	209
216	16
216	42
216	43
216	58
216	62
216	67
216	92
216	93
216	98
216	146
216	154
216	170
216	188
216	204
217	12
217	42
217	43
217	80
217	92
217	98
217	100
217	116
217	157
217	180
217	194
217	198
217	206
218	12
218	27
218	37
218	42
218	43
218	55
218	71
218	77
218	98
218	100
218	109
218	123
218	125
218	132
218	137
218	157
218	159
218	175
218	177
218	180
218	181
218	191
218	198
218	209
218	217
