227	12507
1	9
1	12
1	13
1	31
1	33
1	38
1	52
1	53
1	57
1	60
1	63
1	65
1	66
1	74
1	75
1	81
1	98
1	99
1	102
1	106
1	131
1	136
1	142
1	144
1	154
1	159
1	160
1	162
1	165
1	167
1	183
1	184
1	188
1	189
1	199
1	205
1	206
1	213
1	217
2	9
2	12
2	13
2	20
2	22
2	26
2	33
2	38
2	57
2	65
2	74
2	75
2	81
2	84
2	88
2	96
2	104
2	106
2	131
2	142
2	144
2	153
2	162
2	168
2	181
2	185
2	188
2	189
2	194
2	195
2	198
2	199
2	206
2	213
2	217
3	18
3	20
3	23
3	38
3	45
3	57
3	69
3	74
3	75
3	81
3	85
3	89
3	98
3	102
3	104
3	125
3	142
3	143
3	146
3	162
3	189
3	194
3	195
3	205
3	213
3	217
4	12
4	31
4	38
4	62
4	75
4	96
4	98
4	99
4	106
4	111
4	115
4	162
4	175
4	188
5	2
5	3
5	18
5	25
5	26
5	38
5	52
5	54
5	57
5	65
5	70
5	75
5	80
5	81
5	106
5	122
5	123
5	131
5	138
5	141
5	142
5	144
5	147
5	162
5	165
5	188
5	189
5	205
5	214
5	217
5	226
6	3
6	14
6	19
6	38
6	39
6	52
6	60
6	69
6	70
6	75
6	78
6	81
6	82
6	103
6	104
6	138
6	142
6	150
6	154
6	162
6	163
6	165
6	168
6	169
6	177
6	183
6	185
6	188
6	189
6	194
6	195
6	213
7	8
7	10
7	12
7	31
7	38
7	103
7	106
7	171
7	217
8	3
8	7
8	13
8	18
8	23
8	38
8	44
8	62
8	81
8	82
8	86
8	89
8	96
8	103
8	105
8	134
8	142
8	165
8	171
8	172
8	188
8	204
8	217
8	220
8	226
9	3
9	10
9	12
9	13
9	15
9	17
9	18
9	19
9	20
9	25
9	31
9	33
9	38
9	43
9	44
9	45
9	48
9	52
9	55
9	57
9	60
9	62
9	63
9	64
9	66
9	69
9	70
9	74
9	75
9	81
9	82
9	88
9	91
9	95
9	96
9	98
9	99
9	102
9	103
9	104
9	105
9	106
9	107
9	111
9	114
9	115
9	123
9	131
9	135
9	136
9	141
9	142
9	144
9	145
9	150
9	153
9	154
9	156
9	158
9	159
9	162
9	163
9	165
9	166
9	167
9	168
9	174
9	178
9	179
9	180
9	183
9	185
9	188
9	189
9	194
9	195
9	199
9	204
9	205
9	206
9	213
9	214
9	216
9	217
9	220
9	225
10	38
10	80
10	81
10	142
10	154
10	163
10	168
10	178
10	212
10	213
10	217
10	218
11	18
11	23
11	38
11	52
11	63
11	66
11	74
11	84
11	131
11	141
11	142
11	164
11	178
11	192
11	214
11	217
11	220
11	224
12	1
12	2
12	3
12	4
12	6
12	9
12	10
12	13
12	14
12	16
12	17
12	18
12	19
12	20
12	22
12	23
12	24
12	25
12	26
12	27
12	30
12	31
12	32
12	33
12	36
12	37
12	38
12	43
12	44
12	45
12	46
12	47
12	48
12	50
12	51
12	52
12	53
12	54
12	55
12	56
12	57
12	59
12	60
12	61
12	63
12	64
12	65
12	66
12	67
12	68
12	69
12	70
12	71
12	73
12	74
12	75
12	76
12	77
12	78
12	81
12	82
12	83
12	84
12	86
12	87
12	88
12	89
12	95
12	96
12	97
12	98
12	99
12	102
12	103
12	104
12	106
12	107
12	108
12	109
12	110
12	111
12	112
12	113
12	114
12	115
12	118
12	119
12	120
12	121
12	122
12	123
12	124
12	125
12	126
12	127
12	128
12	129
12	131
12	132
12	135
12	136
12	137
12	138
12	139
12	140
12	141
12	142
12	143
12	144
12	145
12	146
12	149
12	150
12	152
12	153
12	154
12	155
12	156
12	157
12	158
12	159
12	160
12	162
12	163
12	164
12	165
12	167
12	168
12	169
12	175
12	178
12	179
12	180
12	181
12	183
12	184
12	185
12	186
12	187
12	188
12	189
12	190
12	191
12	194
12	195
12	198
12	199
12	200
12	203
12	204
12	206
12	209
12	210
12	211
12	212
12	213
12	214
12	216
12	217
12	219
12	220
12	221
12	222
12	225
12	226
13	1
13	2
13	3
13	5
13	6
13	9
13	10
13	12
13	14
13	16
13	17
13	19
13	20
13	23
13	24
13	25
13	26
13	27
13	30
13	31
13	33
13	34
13	37
13	38
13	39
13	40
13	42
13	43
13	44
13	45
13	46
13	48
13	50
13	52
13	53
13	54
13	55
13	56
13	57
13	58
13	59
13	60
13	63
13	64
13	65
13	66
13	69
13	70
13	71
13	73
13	74
13	75
13	76
13	78
13	80
13	81
13	82
13	83
13	84
13	85
13	86
13	87
13	88
13	89
13	92
13	95
13	96
13	97
13	98
13	99
13	102
13	103
13	104
13	106
13	107
13	108
13	109
13	111
13	112
13	113
13	114
13	115
13	117
13	118
13	119
13	120
13	121
13	123
13	126
13	129
13	131
13	132
13	133
13	135
13	138
13	141
13	142
13	143
13	144
13	145
13	147
13	150
13	151
13	152
13	153
13	154
13	158
13	159
13	160
13	162
13	163
13	164
13	165
13	166
13	167
13	168
13	170
13	176
13	178
13	179
13	180
13	183
13	184
13	185
13	188
13	189
13	190
13	194
13	195
13	196
13	198
13	199
13	205
13	206
13	207
13	210
13	211
13	212
13	213
13	214
13	216
13	217
13	218
13	220
13	221
13	225
13	226
14	6
14	13
14	17
14	18
14	20
14	38
14	57
14	75
14	80
14	81
14	103
14	104
14	108
14	114
14	142
14	146
14	150
14	165
14	189
14	194
14	206
14	207
14	212
14	213
14	217
15	8
15	18
15	20
15	23
15	26
15	27
15	38
15	43
15	52
15	54
15	55
15	57
15	60
15	62
15	63
15	69
15	75
15	84
15	96
15	103
15	105
15	106
15	131
15	142
15	167
15	171
15	172
15	178
15	188
15	194
15	195
15	212
15	213
15	217
15	220
16	12
16	13
16	17
16	18
16	20
16	22
16	38
16	56
16	57
16	60
16	68
16	70
16	75
16	78
16	81
16	96
16	98
16	102
16	104
16	106
16	109
16	111
16	120
16	122
16	140
16	142
16	152
16	154
16	162
16	163
16	164
16	165
16	169
16	172
16	178
16	183
16	185
16	188
16	191
16	194
16	195
16	199
16	212
16	213
16	217
17	6
17	13
17	24
17	38
17	44
17	45
17	53
17	60
17	81
17	82
17	88
17	97
17	98
17	102
17	106
17	111
17	123
17	131
17	137
17	140
17	142
17	147
17	150
17	153
17	154
17	165
17	178
17	183
17	184
17	189
17	194
17	195
17	199
17	206
17	210
17	212
17	213
17	217
18	7
18	8
18	15
18	20
18	21
18	23
18	30
18	33
18	38
18	40
18	44
18	60
18	62
18	63
18	67
18	75
18	86
18	88
18	105
18	131
18	134
18	171
18	172
18	174
18	188
18	192
18	195
18	204
18	213
18	217
18	218
18	220
19	2
19	10
19	12
19	13
19	14
19	20
19	38
19	44
19	45
19	48
19	75
19	81
19	89
19	96
19	102
19	103
19	104
19	108
19	114
19	119
19	141
19	142
19	150
19	153
19	162
19	165
19	167
19	183
19	189
19	211
19	212
19	213
19	217
20	1
20	2
20	3
20	5
20	6
20	8
20	9
20	10
20	12
20	13
20	14
20	15
20	16
20	17
20	18
20	19
20	22
20	23
20	25
20	26
20	27
20	30
20	31
20	32
20	33
20	34
20	35
20	36
20	37
20	38
20	39
20	40
20	42
20	43
20	44
20	45
20	46
20	48
20	50
20	52
20	53
20	54
20	55
20	56
20	57
20	59
20	60
20	61
20	63
20	64
20	65
20	66
20	67
20	68
20	69
20	70
20	71
20	74
20	75
20	76
20	78
20	79
20	80
20	81
20	82
20	83
20	84
20	85
20	86
20	87
20	88
20	89
20	91
20	92
20	95
20	96
20	97
20	98
20	99
20	102
20	103
20	104
20	105
20	106
20	107
20	108
20	109
20	111
20	112
20	113
20	114
20	115
20	117
20	118
20	119
20	120
20	121
20	122
20	123
20	125
20	126
20	128
20	129
20	131
20	132
20	133
20	134
20	135
20	136
20	138
20	140
20	141
20	142
20	143
20	144
20	145
20	146
20	147
20	150
20	152
20	153
20	154
20	156
20	157
20	158
20	159
20	160
20	162
20	163
20	164
20	165
20	166
20	167
20	168
20	169
20	172
20	174
20	177
20	178
20	179
20	180
20	181
20	182
20	183
20	184
20	185
20	186
20	187
20	188
20	189
20	190
20	191
20	192
20	194
20	195
20	196
20	198
20	199
20	201
20	204
20	205
20	206
20	210
20	211
20	212
20	213
20	214
20	216
20	217
20	218
20	220
20	221
20	224
20	225
20	226
21	9
21	13
21	18
21	31
21	38
21	52
21	63
21	66
21	73
21	74
21	80
21	86
21	88
21	89
21	114
21	126
21	131
21	142
21	153
21	172
21	205
21	213
21	216
21	217
22	3
22	33
22	34
22	35
22	38
22	53
22	63
22	75
22	89
22	109
22	125
22	146
22	201
23	15
23	18
23	31
23	38
23	45
23	52
23	55
23	57
23	60
23	73
23	98
23	102
23	104
23	126
23	165
23	174
23	189
23	194
23	195
23	206
23	213
23	217
23	220
24	13
24	38
24	57
24	74
24	98
24	142
24	154
24	163
24	165
24	217
25	43
25	45
25	52
25	55
25	63
25	64
25	70
25	74
25	81
25	88
25	95
25	106
25	122
25	142
25	154
25	156
25	159
25	165
25	189
25	194
25	195
25	199
25	213
25	217
25	220
26	2
26	13
26	17
26	20
26	31
26	48
26	50
26	54
26	57
26	60
26	70
26	74
26	75
26	81
26	84
26	96
26	102
26	104
26	112
26	118
26	123
26	133
26	142
26	146
26	150
26	163
26	165
26	167
26	180
26	185
26	194
26	195
26	198
26	206
26	212
26	213
26	217
27	17
27	38
27	70
27	82
27	91
27	122
27	136
27	138
27	142
27	154
27	163
27	195
27	213
27	214
27	225
27	226
28	57
28	142
29	57
29	136
29	162
30	7
30	8
30	12
30	18
30	20
30	31
30	48
30	54
30	56
30	62
30	74
30	75
30	80
30	82
30	91
30	96
30	103
30	108
30	112
30	114
30	142
30	171
30	174
30	178
30	188
30	194
30	195
30	206
30	211
30	213
30	217
31	2
31	3
31	6
31	8
31	9
31	10
31	12
31	13
31	15
31	16
31	18
31	19
31	20
31	25
31	26
31	32
31	33
31	37
31	38
31	39
31	40
31	43
31	44
31	45
31	48
31	50
31	52
31	53
31	54
31	55
31	56
31	57
31	58
31	60
31	61
31	63
31	64
31	65
31	66
31	69
31	70
31	74
31	75
31	76
31	78
31	81
31	82
31	84
31	86
31	88
31	91
31	92
31	95
31	96
31	97
31	98
31	99
31	102
31	103
31	104
31	105
31	106
31	107
31	108
31	109
31	111
31	114
31	115
31	121
31	123
31	126
31	129
31	130
31	131
31	132
31	135
31	136
31	138
31	142
31	144
31	145
31	146
31	147
31	150
31	152
31	153
31	154
31	156
31	158
31	159
31	160
31	162
31	163
31	164
31	165
31	166
31	167
31	168
31	169
31	172
31	174
31	178
31	179
31	180
31	183
31	184
31	185
31	188
31	189
31	192
31	194
31	195
31	198
31	199
31	200
31	204
31	205
31	206
31	211
31	212
31	213
31	214
31	216
31	217
31	218
31	220
31	225
31	226
32	12
32	20
32	38
32	45
32	58
32	70
32	75
32	81
32	98
32	104
32	106
32	120
32	123
32	140
32	142
32	147
32	153
32	154
32	160
32	165
32	178
32	183
32	185
32	199
32	213
32	217
33	1
33	2
33	3
33	6
33	9
33	10
33	12
33	13
33	14
33	16
33	19
33	20
33	26
33	27
33	31
33	35
33	38
33	43
33	44
33	45
33	48
33	50
33	53
33	54
33	55
33	56
33	57
33	60
33	63
33	69
33	74
33	75
33	76
33	80
33	81
33	82
33	84
33	92
33	96
33	98
33	102
33	103
33	104
33	106
33	107
33	108
33	109
33	111
33	112
33	114
33	115
33	117
33	119
33	120
33	121
33	123
33	126
33	127
33	129
33	131
33	132
33	133
33	135
33	142
33	144
33	150
33	153
33	154
33	159
33	160
33	162
33	163
33	164
33	165
33	166
33	167
33	168
33	178
33	180
33	183
33	184
33	185
33	188
33	189
33	190
33	191
33	194
33	195
33	198
33	199
33	204
33	205
33	206
33	211
33	212
33	213
33	214
33	217
33	218
33	221
33	225
33	226
34	53
34	102
34	122
34	142
34	146
34	191
35	20
35	32
35	59
35	81
35	101
35	122
35	169
35	179
35	213
36	3
36	12
36	24
36	38
36	45
36	48
36	58
36	65
36	75
36	85
36	98
36	102
36	103
36	106
36	109
36	123
36	131
36	136
36	140
36	142
36	153
36	165
36	183
36	188
36	191
36	194
36	199
36	213
36	217
36	221
37	3
37	12
37	13
37	23
37	38
37	42
37	43
37	44
37	50
37	52
37	57
37	60
37	67
37	70
37	75
37	78
37	81
37	82
37	98
37	99
37	104
37	106
37	111
37	121
37	123
37	131
37	142
37	144
37	159
37	162
37	165
37	167
37	169
37	183
37	184
37	188
37	189
37	195
37	199
37	213
37	217
37	219
37	220
38	1
38	2
38	3
38	4
38	5
38	6
38	7
38	8
38	9
38	10
38	12
38	13
38	14
38	15
38	16
38	17
38	18
38	19
38	20
38	21
38	22
38	23
38	25
38	26
38	27
38	29
38	30
38	31
38	32
38	33
38	34
38	35
38	36
38	37
38	40
38	42
38	43
38	44
38	45
38	46
38	48
38	50
38	51
38	52
38	53
38	54
38	55
38	56
38	57
38	58
38	59
38	60
38	61
38	62
38	63
38	64
38	65
38	66
38	67
38	68
38	69
38	70
38	71
38	72
38	73
38	74
38	75
38	76
38	78
38	80
38	81
38	82
38	84
38	85
38	86
38	87
38	88
38	89
38	91
38	92
38	95
38	96
38	97
38	98
38	99
38	100
38	102
38	103
38	104
38	105
38	106
38	107
38	108
38	109
38	111
38	112
38	114
38	115
38	117
38	118
38	119
38	120
38	121
38	122
38	123
38	124
38	125
38	126
38	128
38	129
38	130
38	131
38	132
38	133
38	134
38	135
38	136
38	138
38	141
38	142
38	143
38	144
38	145
38	146
38	147
38	150
38	151
38	152
38	153
38	154
38	156
38	157
38	158
38	159
38	160
38	161
38	162
38	163
38	164
38	165
38	166
38	167
38	168
38	169
38	171
38	172
38	173
38	174
38	175
38	177
38	178
38	179
38	180
38	181
38	182
38	183
38	184
38	185
38	186
38	187
38	188
38	189
38	190
38	191
38	192
38	194
38	195
38	198
38	199
38	200
38	201
38	203
38	204
38	205
38	206
38	207
38	210
38	211
38	212
38	213
38	214
38	215
38	216
38	217
38	220
38	221
38	224
38	225
38	226
39	13
39	31
39	38
39	75
39	136
39	142
39	163
39	168
39	179
39	188
39	195
39	205
39	206
39	213
39	217
40	18
40	23
40	31
40	38
40	44
40	63
40	70
40	91
40	102
40	105
40	106
40	131
40	142
40	180
40	188
40	189
40	194
40	195
40	206
40	213
40	217
41	12
41	35
41	38
41	71
41	81
41	121
41	131
41	188
41	217
41	221
42	34
42	57
42	69
42	75
42	76
42	104
42	109
42	142
42	162
42	189
42	194
42	199
42	205
42	213
43	6
43	8
43	9
43	12
43	13
43	20
43	25
43	31
43	38
43	44
43	45
43	48
43	52
43	55
43	56
43	57
43	60
43	63
43	64
43	66
43	70
43	74
43	75
43	76
43	81
43	84
43	88
43	91
43	95
43	96
43	97
43	98
43	102
43	103
43	104
43	106
43	108
43	115
43	120
43	126
43	130
43	131
43	142
43	143
43	145
43	150
43	153
43	154
43	156
43	158
43	159
43	160
43	162
43	165
43	167
43	168
43	174
43	178
43	183
43	184
43	188
43	189
43	192
43	194
43	195
43	199
43	204
43	213
43	215
43	216
43	217
43	220
44	1
44	2
44	3
44	5
44	6
44	7
44	8
44	9
44	10
44	11
44	12
44	13
44	14
44	16
44	17
44	18
44	19
44	20
44	21
44	22
44	23
44	24
44	25
44	26
44	27
44	31
44	32
44	33
44	34
44	35
44	36
44	37
44	38
44	39
44	42
44	43
44	45
44	46
44	48
44	50
44	51
44	52
44	53
44	54
44	55
44	56
44	57
44	58
44	59
44	60
44	61
44	62
44	63
44	64
44	65
44	66
44	67
44	68
44	69
44	70
44	71
44	73
44	74
44	75
44	76
44	77
44	78
44	79
44	80
44	81
44	82
44	84
44	85
44	86
44	88
44	89
44	91
44	92
44	95
44	96
44	97
44	98
44	99
44	100
44	101
44	102
44	103
44	104
44	105
44	106
44	107
44	108
44	109
44	110
44	111
44	112
44	113
44	114
44	115
44	117
44	118
44	119
44	120
44	121
44	122
44	123
44	124
44	125
44	126
44	127
44	128
44	129
44	130
44	131
44	132
44	133
44	134
44	135
44	136
44	137
44	138
44	140
44	141
44	142
44	143
44	144
44	145
44	146
44	147
44	150
44	151
44	152
44	153
44	154
44	156
44	157
44	158
44	159
44	160
44	162
44	163
44	164
44	165
44	166
44	167
44	168
44	169
44	171
44	172
44	174
44	175
44	178
44	179
44	180
44	181
44	182
44	183
44	184
44	185
44	186
44	187
44	188
44	189
44	190
44	191
44	192
44	194
44	195
44	196
44	198
44	199
44	200
44	201
44	203
44	204
44	205
44	206
44	207
44	209
44	210
44	211
44	212
44	213
44	214
44	216
44	217
44	218
44	219
44	220
44	221
44	222
44	224
44	225
44	226
45	2
45	3
45	4
45	5
45	6
45	8
45	9
45	10
45	12
45	13
45	14
45	15
45	16
45	17
45	18
45	19
45	20
45	21
45	22
45	23
45	24
45	25
45	26
45	27
45	31
45	32
45	33
45	35
45	36
45	37
45	38
45	39
45	43
45	44
45	46
45	48
45	49
45	50
45	51
45	52
45	53
45	54
45	55
45	56
45	57
45	58
45	59
45	60
45	61
45	62
45	63
45	64
45	65
45	66
45	67
45	69
45	70
45	71
45	73
45	74
45	75
45	76
45	77
45	78
45	79
45	80
45	81
45	82
45	83
45	84
45	85
45	86
45	87
45	88
45	89
45	91
45	95
45	96
45	97
45	98
45	99
45	100
45	102
45	103
45	104
45	105
45	106
45	107
45	108
45	109
45	110
45	111
45	113
45	114
45	115
45	116
45	117
45	118
45	119
45	120
45	121
45	122
45	123
45	124
45	125
45	126
45	127
45	129
45	130
45	131
45	132
45	133
45	134
45	135
45	136
45	137
45	138
45	140
45	141
45	142
45	143
45	144
45	145
45	146
45	147
45	150
45	151
45	152
45	153
45	154
45	156
45	157
45	158
45	159
45	160
45	162
45	163
45	164
45	165
45	166
45	167
45	168
45	169
45	171
45	172
45	174
45	175
45	178
45	179
45	180
45	181
45	182
45	183
45	184
45	185
45	186
45	188
45	189
45	190
45	191
45	194
45	195
45	196
45	198
45	199
45	201
45	204
45	205
45	206
45	207
45	210
45	211
45	212
45	213
45	214
45	216
45	217
45	218
45	219
45	220
45	221
45	224
45	225
45	226
46	12
46	13
46	20
46	31
46	38
46	43
46	44
46	45
46	54
46	56
46	57
46	60
46	69
46	74
46	75
46	81
46	96
46	99
46	100
46	102
46	103
46	104
46	106
46	111
46	114
46	115
46	123
46	126
46	131
46	142
46	144
46	150
46	153
46	154
46	160
46	162
46	163
46	165
46	167
46	178
46	180
46	183
46	185
46	188
46	189
46	190
46	194
46	195
46	199
46	210
46	213
46	216
46	217
47	38
47	147
47	183
47	213
47	217
48	8
48	9
48	12
48	13
48	14
48	20
48	25
48	31
48	38
48	43
48	44
48	45
48	52
48	55
48	60
48	63
48	64
48	66
48	67
48	73
48	74
48	75
48	81
48	82
48	88
48	91
48	95
48	98
48	102
48	103
48	104
48	106
48	115
48	122
48	123
48	131
48	141
48	142
48	145
48	150
48	153
48	154
48	156
48	158
48	159
48	162
48	165
48	168
48	172
48	178
48	183
48	184
48	188
48	189
48	192
48	194
48	195
48	198
48	204
48	206
48	210
48	212
48	213
48	216
48	217
48	220
48	225
48	226
49	75
49	131
49	142
49	177
49	214
50	9
50	12
50	31
50	38
50	52
50	60
50	70
50	75
50	78
50	122
50	142
50	162
50	168
50	178
50	188
50	195
50	213
50	217
51	20
51	38
51	52
51	57
51	69
51	73
51	144
51	213
52	2
52	3
52	9
52	12
52	13
52	16
52	17
52	18
52	19
52	20
52	21
52	23
52	25
52	26
52	31
52	33
52	37
52	38
52	43
52	44
52	45
52	48
52	53
52	54
52	55
52	56
52	57
52	60
52	63
52	64
52	66
52	69
52	71
52	74
52	75
52	76
52	81
52	84
52	88
52	92
52	95
52	96
52	97
52	98
52	99
52	102
52	103
52	104
52	105
52	106
52	107
52	108
52	109
52	111
52	112
52	114
52	115
52	119
52	121
52	123
52	129
52	131
52	132
52	133
52	135
52	136
52	141
52	142
52	143
52	144
52	145
52	150
52	151
52	153
52	154
52	156
52	158
52	159
52	160
52	162
52	163
52	164
52	165
52	167
52	168
52	178
52	179
52	180
52	183
52	184
52	185
52	188
52	189
52	194
52	198
52	199
52	204
52	205
52	206
52	210
52	211
52	212
52	213
52	216
52	217
52	220
53	13
53	22
53	31
53	34
53	37
53	38
53	57
53	65
53	67
53	74
53	75
53	78
53	81
53	82
53	109
53	111
53	125
53	129
53	131
53	142
53	143
53	146
53	147
53	159
53	162
53	167
53	183
53	188
53	189
53	195
53	199
53	201
53	205
53	206
53	213
53	217
53	225
54	1
54	2
54	3
54	9
54	12
54	13
54	17
54	19
54	20
54	26
54	30
54	33
54	38
54	45
54	53
54	55
54	56
54	57
54	60
54	69
54	71
54	73
54	74
54	75
54	80
54	81
54	84
54	96
54	99
54	102
54	103
54	104
54	106
54	108
54	111
54	112
54	114
54	117
54	119
54	120
54	126
54	131
54	133
54	135
54	142
54	144
54	150
54	153
54	158
54	162
54	163
54	167
54	168
54	178
54	180
54	183
54	184
54	185
54	188
54	189
54	194
54	195
54	198
54	199
54	210
54	211
54	212
54	213
54	217
55	3
55	12
55	15
55	17
55	38
55	44
55	52
55	63
55	66
55	68
55	75
55	81
55	88
55	92
55	95
55	104
55	131
55	141
55	147
55	153
55	156
55	168
55	189
55	195
55	205
55	220
56	3
56	9
56	12
56	13
56	14
56	16
56	19
56	20
56	32
56	33
56	38
56	45
56	54
56	57
56	60
56	65
56	68
56	70
56	75
56	80
56	81
56	83
56	84
56	96
56	98
56	100
56	101
56	102
56	103
56	104
56	106
56	107
56	108
56	114
56	115
56	117
56	118
56	120
56	122
56	123
56	126
56	129
56	130
56	131
56	133
56	142
56	144
56	150
56	153
56	154
56	162
56	163
56	164
56	165
56	167
56	168
56	169
56	172
56	178
56	179
56	180
56	183
56	184
56	185
56	188
56	189
56	191
56	194
56	195
56	198
56	199
56	204
56	205
56	206
56	207
56	210
56	212
56	213
56	214
56	217
56	225
56	226
57	1
57	2
57	3
57	5
57	6
57	8
57	9
57	10
57	12
57	13
57	14
57	16
57	17
57	18
57	19
57	20
57	22
57	25
57	26
57	30
57	31
57	32
57	33
57	37
57	38
57	43
57	44
57	45
57	46
57	48
57	50
57	52
57	53
57	54
57	55
57	56
57	58
57	60
57	64
57	65
57	66
57	69
57	70
57	71
57	74
57	75
57	80
57	81
57	82
57	83
57	84
57	85
57	88
57	96
57	97
57	98
57	99
57	102
57	103
57	104
57	106
57	107
57	108
57	109
57	111
57	112
57	114
57	115
57	119
57	120
57	121
57	123
57	125
57	126
57	129
57	130
57	131
57	132
57	133
57	135
57	138
57	142
57	143
57	144
57	146
57	147
57	150
57	151
57	153
57	154
57	159
57	160
57	162
57	163
57	164
57	165
57	166
57	167
57	168
57	171
57	178
57	179
57	180
57	181
57	183
57	184
57	185
57	188
57	189
57	190
57	191
57	194
57	195
57	196
57	198
57	199
57	204
57	205
57	206
57	210
57	211
57	212
57	213
57	216
57	217
57	218
57	220
57	221
57	224
57	226
58	2
58	3
58	8
58	12
58	13
58	14
58	17
58	18
58	19
58	20
58	23
58	25
58	26
58	31
58	32
58	33
58	36
58	38
58	43
58	44
58	45
58	48
58	52
58	53
58	54
58	56
58	57
58	60
58	63
58	66
58	69
58	70
58	71
58	74
58	75
58	76
58	80
58	81
58	85
58	88
58	98
58	102
58	104
58	105
58	108
58	112
58	115
58	120
58	121
58	129
58	130
58	131
58	133
58	140
58	142
58	143
58	145
58	146
58	147
58	151
58	154
58	158
58	159
58	162
58	164
58	167
58	168
58	169
58	171
58	174
58	178
58	179
58	180
58	183
58	184
58	185
58	188
58	189
58	192
58	198
58	199
58	204
58	205
58	206
58	207
58	210
58	211
58	213
58	216
58	224
58	226
59	20
59	38
59	57
59	60
59	75
59	78
59	81
59	122
59	162
59	165
59	168
59	169
59	180
59	185
59	188
59	191
59	194
59	217
59	225
60	1
60	2
60	3
60	5
60	6
60	8
60	9
60	10
60	12
60	13
60	14
60	15
60	16
60	17
60	18
60	19
60	20
60	22
60	23
60	24
60	25
60	26
60	31
60	32
60	33
60	34
60	35
60	36
60	37
60	38
60	40
60	42
60	43
60	44
60	45
60	46
60	48
60	49
60	50
60	52
60	53
60	54
60	55
60	56
60	57
60	58
60	59
60	61
60	63
60	64
60	65
60	66
60	67
60	68
60	69
60	70
60	71
60	72
60	74
60	75
60	76
60	78
60	79
60	80
60	81
60	82
60	83
60	84
60	85
60	86
60	88
60	89
60	92
60	95
60	96
60	97
60	98
60	99
60	102
60	103
60	104
60	105
60	106
60	107
60	108
60	109
60	111
60	112
60	113
60	114
60	115
60	116
60	117
60	119
60	120
60	121
60	122
60	123
60	124
60	125
60	126
60	128
60	129
60	131
60	132
60	133
60	135
60	136
60	138
60	140
60	142
60	143
60	144
60	145
60	146
60	147
60	150
60	151
60	152
60	153
60	154
60	156
60	157
60	158
60	159
60	160
60	162
60	163
60	164
60	165
60	166
60	167
60	168
60	169
60	176
60	177
60	178
60	179
60	180
60	181
60	182
60	183
60	184
60	185
60	187
60	188
60	189
60	190
60	191
60	194
60	195
60	197
60	198
60	199
60	200
60	201
60	204
60	205
60	206
60	210
60	211
60	212
60	213
60	214
60	216
60	217
60	218
60	220
60	221
60	224
60	225
60	226
61	31
61	60
61	68
61	70
61	98
61	184
61	188
62	8
62	13
62	17
62	31
62	38
62	44
62	52
62	53
62	54
62	75
62	86
62	98
62	99
62	106
62	130
62	131
62	133
62	142
62	151
62	165
62	166
62	171
62	172
62	178
62	180
62	188
62	208
62	211
62	212
62	214
62	217
62	220
63	3
63	8
63	9
63	12
63	13
63	15
63	18
63	20
63	25
63	26
63	30
63	31
63	32
63	33
63	38
63	39
63	43
63	44
63	45
63	48
63	52
63	54
63	55
63	57
63	60
63	62
63	66
63	74
63	75
63	76
63	81
63	88
63	89
63	92
63	95
63	98
63	99
63	102
63	103
63	104
63	106
63	115
63	126
63	131
63	135
63	141
63	142
63	143
63	144
63	150
63	156
63	159
63	160
63	162
63	165
63	167
63	168
63	172
63	180
63	183
63	184
63	185
63	188
63	189
63	194
63	195
63	198
63	199
63	205
63	206
63	208
63	211
63	213
63	217
63	220
64	9
64	12
64	13
64	20
64	21
64	31
64	35
64	38
64	43
64	45
64	48
64	52
64	53
64	55
64	57
64	60
64	63
64	66
64	70
64	74
64	75
64	81
64	88
64	95
64	98
64	102
64	104
64	131
64	132
64	141
64	142
64	144
64	150
64	156
64	162
64	165
64	166
64	183
64	184
64	186
64	188
64	189
64	195
64	213
64	214
64	217
64	220
65	1
65	3
65	12
65	13
65	14
65	16
65	20
65	23
65	26
65	27
65	33
65	34
65	35
65	38
65	42
65	44
65	45
65	49
65	52
65	53
65	54
65	56
65	57
65	60
65	63
65	68
65	70
65	74
65	75
65	81
65	82
65	84
65	96
65	98
65	102
65	103
65	104
65	106
65	107
65	109
65	111
65	115
65	118
65	121
65	125
65	128
65	131
65	142
65	150
65	151
65	152
65	153
65	154
65	162
65	164
65	165
65	166
65	167
65	169
65	178
65	179
65	183
65	184
65	188
65	189
65	191
65	194
65	195
65	196
65	199
65	201
65	205
65	210
65	212
65	213
65	214
65	217
65	224
65	226
66	3
66	9
66	12
66	18
66	20
66	38
66	43
66	44
66	45
66	52
66	55
66	60
66	63
66	64
66	74
66	81
66	88
66	92
66	95
66	99
66	103
66	104
66	123
66	131
66	142
66	145
66	147
66	150
66	153
66	156
66	168
66	188
66	189
66	194
66	195
66	199
66	206
66	212
66	217
66	220
67	53
67	75
67	78
67	104
67	142
67	188
67	189
67	195
67	213
68	18
68	57
68	74
68	104
68	107
68	109
68	131
68	135
68	142
68	185
68	191
68	213
68	214
69	1
69	3
69	9
69	12
69	13
69	19
69	20
69	31
69	33
69	38
69	44
69	45
69	54
69	57
69	60
69	65
69	74
69	75
69	80
69	81
69	83
69	84
69	96
69	97
69	98
69	99
69	102
69	104
69	106
69	108
69	112
69	114
69	119
69	131
69	142
69	143
69	144
69	150
69	153
69	160
69	162
69	163
69	165
69	166
69	167
69	168
69	178
69	188
69	189
69	194
69	195
69	206
69	211
69	213
69	217
69	218
69	221
70	35
70	37
70	38
70	53
70	63
70	74
70	75
70	81
70	82
70	98
70	103
70	104
70	109
70	122
70	125
70	131
70	142
70	157
70	169
70	178
70	179
70	188
70	191
70	194
70	195
70	199
70	201
70	210
70	212
70	213
70	214
70	225
70	226
71	38
71	57
71	60
71	74
71	81
71	108
71	142
71	147
71	150
71	194
71	213
71	217
72	185
72	189
73	4
73	12
73	45
73	51
73	57
73	104
73	106
73	110
73	127
73	131
73	139
73	142
73	143
73	144
73	148
73	157
73	159
73	175
73	183
73	186
73	189
73	199
73	203
73	209
73	213
73	219
73	222
74	1
74	2
74	3
74	5
74	6
74	9
74	10
74	12
74	13
74	14
74	16
74	17
74	18
74	19
74	20
74	22
74	25
74	26
74	27
74	31
74	32
74	33
74	36
74	37
74	38
74	39
74	40
74	43
74	44
74	45
74	46
74	48
74	50
74	52
74	54
74	55
74	56
74	57
74	58
74	60
74	61
74	63
74	64
74	65
74	66
74	69
74	70
74	71
74	75
74	76
74	80
74	81
74	82
74	84
74	87
74	88
74	95
74	96
74	97
74	98
74	99
74	100
74	102
74	103
74	104
74	105
74	106
74	107
74	108
74	109
74	111
74	112
74	114
74	115
74	119
74	120
74	122
74	123
74	126
74	129
74	131
74	132
74	133
74	135
74	136
74	138
74	140
74	141
74	142
74	143
74	144
74	145
74	146
74	147
74	150
74	151
74	152
74	153
74	154
74	156
74	158
74	159
74	160
74	162
74	163
74	164
74	165
74	166
74	167
74	168
74	169
74	178
74	179
74	180
74	181
74	183
74	184
74	185
74	188
74	189
74	190
74	191
74	194
74	195
74	198
74	199
74	204
74	205
74	206
74	207
74	210
74	211
74	212
74	213
74	214
74	216
74	217
74	218
74	220
74	221
74	224
74	225
74	226
75	1
75	2
75	3
75	5
75	6
75	8
75	9
75	10
75	12
75	13
75	14
75	15
75	16
75	17
75	18
75	19
75	20
75	21
75	22
75	23
75	24
75	25
75	26
75	27
75	30
75	31
75	32
75	33
75	34
75	35
75	36
75	37
75	38
75	39
75	40
75	42
75	43
75	44
75	45
75	46
75	48
75	49
75	50
75	52
75	53
75	54
75	55
75	56
75	57
75	59
75	60
75	61
75	62
75	63
75	64
75	65
75	66
75	67
75	68
75	69
75	70
75	71
75	73
75	74
75	76
75	78
75	79
75	80
75	81
75	82
75	83
75	84
75	85
75	86
75	87
75	88
75	89
75	90
75	91
75	92
75	95
75	96
75	97
75	98
75	99
75	100
75	102
75	103
75	104
75	105
75	106
75	107
75	108
75	109
75	110
75	111
75	112
75	113
75	114
75	115
75	117
75	118
75	119
75	120
75	121
75	122
75	123
75	124
75	125
75	126
75	127
75	128
75	129
75	130
75	131
75	132
75	133
75	135
75	136
75	137
75	138
75	140
75	141
75	142
75	143
75	144
75	145
75	146
75	147
75	150
75	151
75	152
75	153
75	154
75	156
75	157
75	158
75	159
75	160
75	162
75	163
75	164
75	165
75	166
75	167
75	168
75	169
75	172
75	173
75	174
75	177
75	178
75	179
75	180
75	181
75	183
75	184
75	185
75	188
75	189
75	190
75	191
75	192
75	194
75	195
75	196
75	197
75	198
75	199
75	201
75	204
75	205
75	206
75	207
75	210
75	211
75	212
75	213
75	214
75	216
75	217
75	218
75	219
75	220
75	221
75	222
75	224
75	225
75	226
76	12
76	20
76	38
76	52
76	75
76	81
76	104
76	115
76	131
76	142
76	144
76	147
76	184
76	185
76	213
77	63
77	131
77	160
77	165
77	189
77	213
78	38
78	50
78	67
78	70
78	75
78	91
78	98
78	102
78	106
78	125
78	142
78	162
78	177
78	179
78	184
78	188
78	189
78	206
78	213
78	217
79	12
79	26
79	27
79	38
79	70
79	75
79	81
79	82
79	109
79	159
79	165
79	169
79	178
79	188
79	213
80	9
80	12
80	18
80	20
80	26
80	31
80	38
80	44
80	45
80	48
80	57
80	60
80	69
80	74
80	75
80	81
80	82
80	96
80	98
80	99
80	100
80	102
80	104
80	106
80	114
80	123
80	131
80	142
80	144
80	153
80	154
80	157
80	162
80	163
80	165
80	169
80	178
80	180
80	184
80	185
80	188
80	189
80	196
80	199
80	206
80	211
80	212
80	216
80	217
81	1
81	2
81	3
81	5
81	6
81	7
81	8
81	9
81	10
81	12
81	13
81	14
81	15
81	16
81	17
81	18
81	19
81	20
81	21
81	22
81	23
81	24
81	25
81	26
81	27
81	29
81	30
81	31
81	32
81	33
81	34
81	35
81	36
81	37
81	38
81	39
81	40
81	42
81	43
81	44
81	45
81	46
81	48
81	50
81	52
81	53
81	54
81	55
81	56
81	57
81	58
81	59
81	60
81	61
81	62
81	63
81	64
81	65
81	66
81	67
81	68
81	69
81	70
81	71
81	72
81	73
81	74
81	75
81	76
81	78
81	79
81	80
81	82
81	83
81	84
81	85
81	86
81	87
81	88
81	89
81	91
81	92
81	95
81	96
81	97
81	98
81	99
81	101
81	102
81	103
81	104
81	105
81	106
81	107
81	108
81	109
81	111
81	112
81	113
81	114
81	115
81	117
81	118
81	119
81	120
81	121
81	122
81	123
81	124
81	125
81	126
81	128
81	129
81	130
81	131
81	132
81	133
81	135
81	136
81	137
81	138
81	139
81	140
81	142
81	143
81	144
81	145
81	146
81	147
81	148
81	150
81	151
81	152
81	153
81	154
81	155
81	156
81	157
81	158
81	159
81	160
81	162
81	163
81	164
81	165
81	166
81	167
81	168
81	169
81	170
81	171
81	172
81	173
81	174
81	175
81	178
81	179
81	180
81	181
81	182
81	183
81	184
81	185
81	187
81	188
81	189
81	190
81	191
81	192
81	194
81	195
81	196
81	197
81	198
81	199
81	200
81	201
81	204
81	205
81	206
81	207
81	210
81	211
81	212
81	213
81	214
81	216
81	217
81	218
81	219
81	220
81	221
81	222
81	224
81	225
81	226
82	12
82	13
82	20
82	27
82	34
82	35
82	37
82	48
82	52
82	53
82	60
82	70
82	74
82	75
82	78
82	79
82	81
82	84
82	89
82	102
82	103
82	104
82	109
82	115
82	117
82	122
82	123
82	125
82	131
82	140
82	142
82	146
82	147
82	153
82	162
82	163
82	165
82	183
82	188
82	189
82	194
82	201
82	213
82	214
82	225
82	226
83	10
83	14
83	20
83	31
83	33
83	53
83	54
83	60
83	65
83	75
83	80
83	81
83	84
83	98
83	102
83	142
83	147
83	189
83	190
83	195
83	213
83	217
84	2
84	3
84	9
84	10
84	12
84	13
84	14
84	16
84	17
84	19
84	20
84	26
84	27
84	32
84	33
84	38
84	43
84	44
84	45
84	50
84	53
84	54
84	55
84	56
84	57
84	60
84	65
84	68
84	69
84	70
84	71
84	74
84	75
84	80
84	81
84	82
84	85
84	96
84	97
84	98
84	100
84	102
84	103
84	104
84	106
84	107
84	108
84	109
84	111
84	114
84	115
84	117
84	118
84	119
84	120
84	121
84	122
84	123
84	124
84	126
84	127
84	131
84	133
84	135
84	137
84	142
84	143
84	144
84	147
84	150
84	151
84	153
84	154
84	159
84	160
84	162
84	163
84	164
84	165
84	166
84	167
84	168
84	169
84	178
84	179
84	180
84	183
84	184
84	185
84	188
84	189
84	194
84	195
84	198
84	199
84	205
84	206
84	211
84	212
84	213
84	214
84	217
84	220
84	225
84	226
85	57
85	60
85	75
85	81
85	131
85	162
85	185
85	188
85	189
85	194
86	18
86	38
86	62
86	104
86	105
86	131
86	162
86	172
86	185
86	195
86	204
87	12
87	20
87	38
87	45
87	66
87	73
87	98
87	106
87	160
87	165
87	168
87	183
88	18
88	21
88	25
88	31
88	38
88	43
88	48
88	52
88	55
88	63
88	64
88	66
88	81
88	95
88	103
88	104
88	105
88	120
88	131
88	142
88	145
88	153
88	156
88	159
88	165
88	183
88	188
88	189
88	194
88	195
88	199
88	204
88	217
88	220
89	12
89	26
89	38
89	60
89	75
89	78
89	81
89	90
89	102
89	109
89	111
89	122
89	125
89	131
89	164
89	179
89	180
89	188
89	189
89	195
89	206
89	213
89	214
90	54
90	57
90	75
90	163
90	168
90	188
91	3
91	8
91	13
91	22
91	38
91	57
91	81
91	104
91	106
91	134
91	142
91	144
91	171
91	172
91	183
91	189
91	192
91	204
91	213
92	3
92	15
92	18
92	38
92	55
92	63
92	75
92	81
92	103
92	125
92	136
92	142
92	172
92	217
93	17
93	22
93	38
93	131
93	165
95	9
95	12
95	13
95	21
95	22
95	25
95	34
95	36
95	38
95	43
95	44
95	52
95	60
95	63
95	66
95	74
95	75
95	81
95	88
95	98
95	104
95	106
95	123
95	129
95	131
95	135
95	142
95	144
95	145
95	156
95	160
95	162
95	165
95	166
95	169
95	178
95	188
95	189
95	194
95	195
95	199
95	201
95	205
95	212
95	213
95	217
96	1
96	2
96	3
96	6
96	9
96	10
96	12
96	13
96	14
96	15
96	16
96	18
96	19
96	20
96	22
96	23
96	25
96	26
96	30
96	31
96	33
96	34
96	36
96	37
96	38
96	43
96	44
96	45
96	48
96	52
96	53
96	54
96	55
96	56
96	57
96	59
96	60
96	62
96	63
96	65
96	69
96	70
96	71
96	74
96	75
96	76
96	80
96	81
96	82
96	84
96	85
96	86
96	97
96	98
96	99
96	100
96	101
96	102
96	103
96	104
96	105
96	106
96	107
96	108
96	109
96	111
96	112
96	114
96	115
96	119
96	120
96	121
96	123
96	125
96	126
96	129
96	130
96	131
96	132
96	133
96	135
96	136
96	141
96	142
96	143
96	144
96	145
96	146
96	147
96	150
96	151
96	152
96	153
96	154
96	158
96	159
96	160
96	162
96	163
96	164
96	165
96	166
96	167
96	168
96	169
96	172
96	178
96	179
96	180
96	181
96	183
96	184
96	185
96	188
96	189
96	191
96	192
96	194
96	195
96	196
96	198
96	199
96	204
96	205
96	206
96	207
96	210
96	211
96	212
96	213
96	214
96	216
96	217
96	218
96	220
96	221
96	224
96	225
96	226
97	8
97	12
97	13
97	16
97	18
97	20
97	23
97	26
97	31
97	38
97	43
97	44
97	45
97	52
97	53
97	54
97	57
97	60
97	65
97	69
97	70
97	71
97	74
97	75
97	78
97	81
97	84
97	86
97	95
97	96
97	98
97	102
97	103
97	104
97	106
97	109
97	111
97	114
97	119
97	120
97	121
97	122
97	126
97	131
97	138
97	142
97	144
97	145
97	147
97	150
97	154
97	162
97	163
97	164
97	165
97	167
97	168
97	178
97	179
97	180
97	184
97	185
97	188
97	189
97	194
97	195
97	199
97	205
97	212
97	213
97	217
97	226
98	1
98	2
98	3
98	5
98	6
98	8
98	9
98	10
98	12
98	13
98	14
98	16
98	17
98	18
98	19
98	20
98	22
98	23
98	24
98	25
98	26
98	27
98	31
98	32
98	33
98	34
98	35
98	36
98	37
98	38
98	42
98	43
98	44
98	45
98	46
98	48
98	50
98	52
98	53
98	54
98	55
98	56
98	57
98	58
98	59
98	60
98	61
98	63
98	64
98	65
98	66
98	68
98	69
98	70
98	71
98	73
98	74
98	75
98	76
98	78
98	79
98	80
98	81
98	82
98	84
98	85
98	86
98	87
98	88
98	89
98	91
98	95
98	96
98	97
98	99
98	100
98	102
98	103
98	104
98	105
98	106
98	107
98	108
98	109
98	110
98	111
98	113
98	114
98	115
98	119
98	120
98	121
98	122
98	123
98	124
98	125
98	126
98	129
98	130
98	131
98	132
98	133
98	135
98	136
98	137
98	138
98	140
98	141
98	142
98	143
98	144
98	145
98	146
98	147
98	150
98	152
98	153
98	154
98	156
98	157
98	158
98	159
98	160
98	162
98	163
98	164
98	165
98	166
98	167
98	168
98	169
98	172
98	174
98	178
98	179
98	180
98	181
98	182
98	183
98	184
98	185
98	186
98	188
98	189
98	190
98	191
98	194
98	195
98	196
98	198
98	199
98	201
98	202
98	204
98	205
98	206
98	210
98	211
98	212
98	213
98	214
98	216
98	217
98	218
98	219
98	220
98	221
98	224
98	225
98	226
99	2
99	3
99	4
99	5
99	6
99	8
99	9
99	10
99	11
99	12
99	13
99	14
99	16
99	17
99	18
99	19
99	20
99	21
99	25
99	26
99	31
99	32
99	33
99	36
99	37
99	38
99	43
99	44
99	45
99	46
99	48
99	52
99	53
99	54
99	55
99	56
99	57
99	60
99	63
99	64
99	65
99	66
99	68
99	69
99	70
99	71
99	73
99	74
99	75
99	76
99	78
99	79
99	81
99	82
99	84
99	85
99	86
99	88
99	89
99	96
99	97
99	98
99	101
99	102
99	103
99	104
99	105
99	106
99	107
99	108
99	109
99	111
99	112
99	115
99	118
99	119
99	120
99	121
99	123
99	124
99	125
99	126
99	129
99	130
99	131
99	132
99	133
99	135
99	137
99	138
99	140
99	142
99	143
99	144
99	145
99	146
99	147
99	150
99	152
99	153
99	154
99	155
99	156
99	157
99	158
99	159
99	160
99	162
99	163
99	164
99	165
99	166
99	167
99	168
99	172
99	178
99	179
99	180
99	181
99	183
99	184
99	185
99	186
99	188
99	189
99	190
99	191
99	194
99	195
99	198
99	199
99	200
99	201
99	204
99	205
99	206
99	211
99	212
99	213
99	216
99	217
99	218
99	219
99	220
99	221
99	222
99	224
99	225
100	1
100	2
100	5
100	9
100	10
100	12
100	13
100	14
100	16
100	17
100	20
100	25
100	26
100	32
100	34
100	38
100	44
100	45
100	48
100	53
100	54
100	55
100	56
100	57
100	60
100	63
100	69
100	70
100	74
100	75
100	76
100	80
100	81
100	82
100	98
100	102
100	104
100	106
100	107
100	108
100	109
100	111
100	115
100	121
100	122
100	123
100	125
100	129
100	130
100	131
100	135
100	138
100	141
100	142
100	144
100	146
100	150
100	153
100	154
100	159
100	162
100	164
100	165
100	166
100	167
100	168
100	169
100	178
100	180
100	183
100	184
100	185
100	188
100	189
100	190
100	191
100	194
100	195
100	198
100	199
100	204
100	206
100	207
100	210
100	212
100	213
100	214
100	220
100	224
100	225
101	44
101	45
101	60
101	75
101	81
101	96
101	104
101	114
101	136
101	142
101	188
101	206
101	212
101	213
101	217
102	1
102	2
102	3
102	5
102	6
102	7
102	9
102	10
102	12
102	13
102	14
102	16
102	17
102	18
102	19
102	20
102	23
102	25
102	26
102	27
102	31
102	32
102	33
102	34
102	36
102	37
102	38
102	40
102	42
102	43
102	44
102	45
102	48
102	50
102	52
102	53
102	54
102	55
102	56
102	57
102	59
102	60
102	61
102	63
102	64
102	65
102	66
102	67
102	68
102	69
102	70
102	71
102	74
102	75
102	76
102	78
102	80
102	81
102	82
102	83
102	84
102	85
102	87
102	88
102	89
102	92
102	95
102	96
102	97
102	98
102	99
102	101
102	103
102	104
102	105
102	106
102	107
102	108
102	109
102	111
102	112
102	114
102	115
102	117
102	118
102	119
102	120
102	121
102	122
102	123
102	124
102	125
102	126
102	129
102	130
102	131
102	132
102	133
102	134
102	135
102	136
102	138
102	141
102	142
102	143
102	144
102	145
102	146
102	147
102	150
102	151
102	152
102	153
102	154
102	156
102	158
102	159
102	160
102	162
102	163
102	164
102	165
102	166
102	167
102	168
102	169
102	171
102	172
102	176
102	178
102	179
102	180
102	181
102	183
102	184
102	185
102	187
102	188
102	189
102	190
102	191
102	193
102	194
102	195
102	196
102	197
102	198
102	199
102	200
102	204
102	205
102	206
102	207
102	210
102	211
102	212
102	213
102	214
102	215
102	216
102	217
102	218
102	220
102	221
102	224
102	225
102	226
103	2
103	5
103	8
103	9
103	10
103	12
103	13
103	14
103	18
103	19
103	20
103	21
103	25
103	26
103	27
103	31
103	32
103	33
103	34
103	35
103	37
103	38
103	43
103	44
103	45
103	46
103	48
103	50
103	52
103	53
103	54
103	55
103	56
103	57
103	60
103	63
103	64
103	65
103	66
103	67
103	68
103	69
103	70
103	71
103	73
103	74
103	75
103	76
103	78
103	79
103	80
103	81
103	82
103	83
103	84
103	85
103	88
103	92
103	95
103	96
103	97
103	98
103	102
103	104
103	105
103	106
103	107
103	108
103	109
103	112
103	113
103	114
103	116
103	117
103	119
103	120
103	121
103	124
103	125
103	126
103	128
103	129
103	131
103	132
103	133
103	136
103	138
103	140
103	141
103	142
103	143
103	144
103	145
103	146
103	150
103	151
103	153
103	156
103	158
103	159
103	160
103	162
103	163
103	165
103	166
103	167
103	168
103	169
103	171
103	172
103	174
103	179
103	180
103	181
103	183
103	184
103	185
103	188
103	189
103	190
103	194
103	195
103	198
103	199
103	204
103	206
103	207
103	210
103	211
103	213
103	214
103	216
103	217
103	218
103	220
103	221
103	225
103	226
104	1
104	2
104	3
104	5
104	6
104	8
104	9
104	10
104	12
104	13
104	14
104	15
104	16
104	17
104	18
104	19
104	20
104	23
104	24
104	25
104	26
104	27
104	31
104	32
104	33
104	34
104	35
104	36
104	37
104	38
104	39
104	40
104	42
104	43
104	44
104	45
104	46
104	48
104	50
104	52
104	53
104	54
104	55
104	56
104	57
104	58
104	59
104	60
104	61
104	63
104	64
104	65
104	66
104	67
104	68
104	69
104	70
104	71
104	73
104	74
104	75
104	76
104	78
104	79
104	80
104	81
104	82
104	84
104	85
104	86
104	88
104	89
104	91
104	92
104	95
104	96
104	97
104	98
104	99
104	101
104	102
104	103
104	105
104	106
104	107
104	108
104	109
104	111
104	112
104	113
104	114
104	115
104	117
104	118
104	119
104	120
104	121
104	122
104	123
104	124
104	125
104	126
104	128
104	129
104	130
104	131
104	132
104	133
104	134
104	135
104	136
104	137
104	138
104	140
104	141
104	142
104	143
104	144
104	145
104	146
104	147
104	150
104	151
104	152
104	153
104	154
104	156
104	157
104	158
104	159
104	160
104	162
104	163
104	164
104	165
104	166
104	167
104	168
104	169
104	172
104	174
104	178
104	179
104	180
104	181
104	182
104	183
104	184
104	185
104	188
104	189
104	190
104	191
104	194
104	195
104	196
104	198
104	199
104	200
104	201
104	204
104	205
104	206
104	207
104	210
104	211
104	212
104	213
104	214
104	216
104	217
104	218
104	219
104	220
104	221
104	224
104	225
104	226
105	3
105	7
105	13
105	15
105	18
105	23
105	38
105	40
105	43
105	45
105	52
105	54
105	55
105	62
105	63
105	65
105	66
105	70
105	75
105	81
105	82
105	86
105	89
105	92
105	95
105	98
105	106
105	108
105	123
105	125
105	131
105	141
105	142
105	150
105	156
105	162
105	171
105	172
105	174
105	178
105	183
105	184
105	189
105	194
105	204
105	210
105	212
105	213
105	217
105	220
105	221
105	224
106	1
106	2
106	3
106	5
106	6
106	7
106	8
106	9
106	10
106	12
106	13
106	14
106	15
106	16
106	17
106	18
106	19
106	20
106	21
106	22
106	23
106	24
106	25
106	26
106	27
106	30
106	31
106	32
106	33
106	34
106	36
106	37
106	38
106	39
106	40
106	43
106	44
106	45
106	46
106	48
106	51
106	52
106	53
106	54
106	55
106	56
106	57
106	58
106	59
106	60
106	62
106	63
106	64
106	65
106	66
106	67
106	68
106	69
106	70
106	71
106	73
106	74
106	75
106	76
106	77
106	78
106	79
106	80
106	81
106	82
106	83
106	84
106	85
106	86
106	87
106	88
106	89
106	91
106	95
106	96
106	97
106	98
106	99
106	100
106	101
106	102
106	103
106	104
106	105
106	107
106	108
106	109
106	110
106	111
106	112
106	113
106	114
106	115
106	117
106	118
106	119
106	120
106	121
106	122
106	123
106	124
106	125
106	126
106	127
106	128
106	129
106	130
106	131
106	132
106	133
106	134
106	135
106	136
106	137
106	138
106	140
106	141
106	142
106	143
106	144
106	145
106	146
106	147
106	150
106	151
106	152
106	153
106	154
106	155
106	156
106	157
106	158
106	159
106	160
106	162
106	163
106	164
106	165
106	166
106	167
106	168
106	169
106	171
106	172
106	174
106	175
106	178
106	179
106	180
106	181
106	182
106	183
106	184
106	185
106	186
106	188
106	189
106	190
106	191
106	192
106	194
106	195
106	196
106	198
106	199
106	200
106	201
106	203
106	204
106	205
106	206
106	207
106	209
106	210
106	211
106	212
106	213
106	214
106	216
106	217
106	218
106	219
106	220
106	221
106	222
106	224
106	225
106	226
107	3
107	10
107	12
107	13
107	16
107	17
107	20
107	33
107	38
107	45
107	56
107	57
107	60
107	65
107	70
107	74
107	75
107	81
107	82
107	84
107	96
107	102
107	103
107	104
107	105
107	112
107	115
107	118
107	121
107	123
107	126
107	131
107	135
107	142
107	147
107	151
107	152
107	154
107	160
107	162
107	165
107	167
107	168
107	178
107	183
107	184
107	188
107	189
107	191
107	194
107	195
107	196
107	199
107	205
107	212
107	213
107	217
107	220
107	221
107	224
108	1
108	13
108	14
108	20
108	38
108	44
108	45
108	74
108	75
108	80
108	81
108	102
108	104
108	106
108	112
108	142
108	150
108	154
108	160
108	165
108	167
108	168
108	178
108	183
108	189
108	194
108	195
108	197
108	199
108	205
108	206
108	207
108	212
108	213
108	217
108	218
109	6
109	13
109	16
109	20
109	22
109	27
109	35
109	37
109	38
109	45
109	56
109	59
109	60
109	61
109	68
109	70
109	71
109	74
109	75
109	81
109	82
109	85
109	86
109	98
109	102
109	103
109	104
109	105
109	106
109	114
109	121
109	122
109	129
109	130
109	136
109	142
109	147
109	150
109	154
109	159
109	163
109	164
109	165
109	168
109	169
109	181
109	183
109	184
109	185
109	187
109	188
109	189
109	190
109	191
109	195
109	199
109	205
109	210
109	212
109	213
109	214
109	217
109	225
109	226
110	12
110	38
110	73
110	133
110	195
110	217
111	1
111	12
111	13
111	14
111	16
111	17
111	20
111	26
111	38
111	48
111	53
111	54
111	57
111	60
111	65
111	68
111	74
111	75
111	80
111	81
111	82
111	96
111	98
111	100
111	102
111	104
111	106
111	107
111	115
111	121
111	123
111	142
111	144
111	150
111	152
111	153
111	154
111	162
111	164
111	165
111	178
111	179
111	183
111	188
111	191
111	194
111	195
111	199
111	210
111	212
111	213
111	214
111	217
111	220
112	12
112	20
112	38
112	81
112	108
112	131
112	165
112	195
112	197
112	217
112	218
113	3
113	32
113	38
113	43
113	44
113	45
113	57
113	70
113	98
113	102
113	120
113	142
113	162
113	169
113	178
113	199
114	2
114	9
114	10
114	12
114	13
114	14
114	17
114	19
114	20
114	26
114	31
114	33
114	38
114	43
114	44
114	45
114	48
114	50
114	52
114	54
114	57
114	60
114	66
114	69
114	71
114	74
114	75
114	78
114	80
114	81
114	82
114	84
114	88
114	91
114	92
114	96
114	97
114	98
114	102
114	103
114	104
114	106
114	108
114	109
114	112
114	115
114	117
114	119
114	123
114	126
114	127
114	131
114	132
114	142
114	144
114	145
114	150
114	153
114	154
114	159
114	160
114	162
114	165
114	166
114	167
114	168
114	178
114	180
114	181
114	183
114	184
114	185
114	188
114	189
114	194
114	195
114	198
114	199
114	206
114	207
114	211
114	212
114	213
114	214
114	217
114	218
114	225
115	1
115	3
115	6
115	9
115	10
115	12
115	16
115	22
115	31
115	33
115	34
115	35
115	37
115	38
115	42
115	44
115	45
115	50
115	53
115	54
115	56
115	57
115	59
115	60
115	61
115	65
115	67
115	68
115	70
115	74
115	75
115	78
115	79
115	81
115	82
115	84
115	89
115	96
115	100
115	102
115	104
115	107
115	111
115	117
115	121
115	125
115	126
115	129
115	135
115	142
115	147
115	150
115	153
115	158
115	160
115	163
115	164
115	165
115	167
115	169
115	178
115	179
115	182
115	183
115	188
115	189
115	191
115	194
115	195
115	196
115	210
115	212
115	213
115	214
115	217
115	221
115	226
116	38
116	44
116	122
116	168
116	191
116	225
117	13
117	38
117	60
117	70
117	78
117	82
117	98
117	106
117	122
117	131
117	162
117	165
117	168
117	172
117	182
117	183
117	188
117	189
117	213
117	217
118	20
118	26
118	34
118	60
118	75
118	81
118	82
118	104
118	122
118	126
118	130
118	131
118	142
118	183
118	189
118	191
118	194
118	195
118	201
118	205
118	212
118	213
118	214
119	1
119	2
119	9
119	10
119	12
119	13
119	19
119	20
119	25
119	31
119	33
119	38
119	40
119	43
119	44
119	45
119	48
119	54
119	57
119	60
119	69
119	71
119	74
119	75
119	80
119	81
119	84
119	96
119	97
119	100
119	102
119	103
119	104
119	106
119	108
119	114
119	115
119	117
119	123
119	127
119	131
119	135
119	138
119	142
119	150
119	153
119	154
119	158
119	160
119	162
119	164
119	165
119	166
119	167
119	168
119	180
119	182
119	183
119	184
119	185
119	188
119	189
119	190
119	192
119	194
119	195
119	198
119	199
119	206
119	211
119	212
119	213
119	216
119	217
119	218
119	221
119	226
120	3
120	9
120	12
120	13
120	14
120	20
120	26
120	31
120	33
120	38
120	39
120	44
120	45
120	54
120	57
120	59
120	60
120	66
120	69
120	74
120	75
120	78
120	80
120	81
120	82
120	84
120	96
120	97
120	98
120	100
120	102
120	103
120	104
120	106
120	108
120	111
120	114
120	119
120	123
120	126
120	129
120	131
120	132
120	136
120	142
120	144
120	150
120	153
120	160
120	162
120	163
120	165
120	167
120	168
120	169
120	180
120	183
120	184
120	185
120	188
120	189
120	191
120	194
120	195
120	199
120	205
120	206
120	211
120	212
120	213
120	214
120	217
120	218
121	12
121	13
121	38
121	44
121	45
121	49
121	75
121	129
121	131
121	142
121	147
121	165
121	188
121	214
122	9
122	12
122	13
122	18
122	27
122	36
122	38
122	54
122	57
122	70
122	75
122	76
122	81
122	82
122	88
122	98
122	102
122	109
122	144
122	153
122	154
122	162
122	165
122	167
122	180
122	188
122	189
122	194
122	199
122	206
122	210
122	213
122	214
122	217
122	218
122	225
122	226
123	1
123	2
123	3
123	4
123	5
123	6
123	8
123	9
123	10
123	12
123	13
123	14
123	16
123	17
123	18
123	19
123	20
123	21
123	23
123	24
123	25
123	26
123	27
123	31
123	32
123	33
123	34
123	36
123	37
123	38
123	43
123	44
123	45
123	46
123	48
123	52
123	53
123	54
123	55
123	56
123	57
123	58
123	60
123	61
123	62
123	63
123	64
123	65
123	66
123	67
123	68
123	69
123	70
123	71
123	73
123	74
123	75
123	76
123	77
123	78
123	80
123	81
123	82
123	84
123	85
123	86
123	87
123	89
123	91
123	95
123	96
123	97
123	98
123	99
123	100
123	101
123	102
123	103
123	104
123	105
123	106
123	107
123	108
123	109
123	111
123	112
123	113
123	114
123	115
123	118
123	119
123	120
123	121
123	122
123	124
123	125
123	126
123	129
123	130
123	131
123	132
123	133
123	134
123	135
123	136
123	137
123	138
123	139
123	140
123	142
123	143
123	144
123	145
123	146
123	147
123	148
123	150
123	151
123	152
123	153
123	154
123	155
123	156
123	157
123	158
123	159
123	160
123	162
123	163
123	164
123	165
123	166
123	167
123	168
123	169
123	171
123	172
123	174
123	175
123	178
123	179
123	180
123	181
123	183
123	184
123	185
123	186
123	188
123	189
123	190
123	191
123	194
123	195
123	196
123	198
123	199
123	200
123	204
123	205
123	206
123	210
123	211
123	212
123	213
123	214
123	216
123	217
123	218
123	219
123	220
123	221
123	224
123	225
123	226
124	16
124	38
124	45
124	75
124	98
124	123
124	131
124	144
124	160
124	162
124	178
124	181
124	183
124	189
124	190
124	199
124	212
124	213
124	217
125	2
125	9
125	12
125	13
125	17
125	18
125	19
125	20
125	31
125	33
125	34
125	38
125	45
125	48
125	57
125	73
125	74
125	75
125	76
125	78
125	81
125	95
125	98
125	104
125	115
125	131
125	133
125	142
125	143
125	144
125	145
125	157
125	159
125	162
125	163
125	166
125	167
125	168
125	172
125	178
125	180
125	184
125	185
125	188
125	189
125	194
125	195
125	199
125	210
125	213
125	216
125	217
125	226
126	3
126	9
126	12
126	13
126	20
126	31
126	33
126	38
126	43
126	44
126	45
126	48
126	53
126	54
126	56
126	57
126	69
126	70
126	74
126	75
126	81
126	86
126	97
126	98
126	102
126	103
126	104
126	106
126	107
126	118
126	119
126	123
126	131
126	135
126	142
126	143
126	144
126	151
126	153
126	154
126	159
126	160
126	162
126	163
126	164
126	165
126	167
126	168
126	180
126	183
126	184
126	185
126	188
126	189
126	190
126	194
126	195
126	199
126	205
126	206
126	213
126	217
127	17
127	48
127	75
127	81
127	84
127	115
127	142
127	178
127	183
127	188
127	198
127	199
127	217
128	38
128	60
128	75
128	78
128	104
128	106
128	135
128	142
128	159
128	162
128	188
128	213
128	217
129	12
129	13
129	20
129	25
129	27
129	31
129	38
129	45
129	49
129	60
129	61
129	70
129	74
129	75
129	81
129	88
129	96
129	98
129	102
129	103
129	104
129	106
129	121
129	123
129	130
129	136
129	138
129	142
129	153
129	159
129	168
129	181
129	183
129	188
129	189
129	191
129	195
129	198
129	199
129	204
129	210
129	213
129	217
129	226
130	60
130	121
130	199
130	205
131	2
131	3
131	5
131	6
131	8
131	9
131	10
131	12
131	13
131	14
131	15
131	16
131	17
131	18
131	19
131	20
131	21
131	23
131	25
131	26
131	31
131	32
131	33
131	37
131	38
131	40
131	43
131	44
131	45
131	46
131	48
131	52
131	53
131	54
131	55
131	56
131	57
131	58
131	60
131	62
131	63
131	64
131	65
131	66
131	69
131	70
131	71
131	74
131	75
131	76
131	81
131	82
131	84
131	85
131	86
131	88
131	91
131	92
131	95
131	96
131	97
131	98
131	99
131	100
131	102
131	103
131	104
131	105
131	106
131	107
131	108
131	109
131	111
131	112
131	114
131	115
131	117
131	118
131	119
131	120
131	121
131	123
131	125
131	126
131	129
131	130
131	132
131	133
131	134
131	135
131	136
131	138
131	140
131	141
131	142
131	143
131	144
131	145
131	146
131	147
131	148
131	150
131	151
131	152
131	153
131	154
131	156
131	158
131	159
131	160
131	162
131	163
131	164
131	165
131	166
131	167
131	168
131	169
131	171
131	172
131	174
131	178
131	179
131	180
131	183
131	184
131	185
131	188
131	189
131	190
131	191
131	192
131	194
131	195
131	196
131	198
131	199
131	201
131	204
131	205
131	206
131	211
131	212
131	213
131	214
131	216
131	217
131	220
131	221
132	12
132	31
132	38
132	45
132	65
132	75
132	81
132	104
132	114
132	119
132	141
132	142
132	153
132	165
132	168
132	183
132	185
132	195
132	199
132	206
132	213
132	217
133	13
133	57
133	60
133	104
133	114
133	142
133	180
133	185
133	189
133	194
133	195
134	8
134	38
134	48
134	54
134	81
134	84
134	191
134	199
134	213
134	217
135	3
135	5
135	9
135	12
135	13
135	17
135	20
135	26
135	31
135	33
135	34
135	37
135	38
135	42
135	44
135	45
135	49
135	50
135	52
135	53
135	54
135	56
135	57
135	60
135	67
135	69
135	70
135	74
135	75
135	78
135	79
135	81
135	82
135	83
135	88
135	89
135	97
135	98
135	102
135	104
135	106
135	108
135	114
135	121
135	123
135	125
135	128
135	131
135	142
135	143
135	144
135	146
135	150
135	153
135	157
135	159
135	162
135	163
135	165
135	167
135	168
135	178
135	179
135	180
135	183
135	184
135	185
135	188
135	189
135	190
135	194
135	195
135	198
135	199
135	204
135	205
135	206
135	211
135	212
135	213
135	217
135	220
136	6
136	12
136	13
136	27
136	38
136	39
136	44
136	60
136	70
136	75
136	81
136	96
136	106
136	122
136	135
136	142
136	159
136	163
136	165
136	175
136	180
136	183
136	188
136	195
136	198
136	205
136	206
136	213
136	226
137	12
137	16
137	38
137	54
137	56
137	57
137	60
137	71
137	75
137	98
137	123
137	131
137	140
137	142
137	144
137	154
137	165
137	178
137	183
137	185
137	188
137	199
138	6
138	13
138	27
138	31
138	38
138	44
138	48
138	52
138	57
138	59
138	60
138	66
138	69
138	75
138	81
138	82
138	104
138	106
138	109
138	111
138	129
138	131
138	136
138	142
138	150
138	157
138	162
138	168
138	180
138	184
138	185
138	188
138	189
138	199
138	210
138	213
138	214
138	217
138	225
138	226
139	12
139	69
139	98
139	154
139	167
139	217
140	9
140	24
140	33
140	35
140	38
140	45
140	55
140	65
140	70
140	75
140	98
140	99
140	103
140	123
140	131
140	142
140	154
140	162
140	165
140	167
140	168
140	180
140	183
140	199
140	205
140	213
140	217
141	7
141	8
141	12
141	13
141	15
141	18
141	20
141	31
141	38
141	47
141	52
141	63
141	75
141	81
141	82
141	86
141	88
141	91
141	95
141	96
141	98
141	104
141	105
141	106
141	131
141	142
141	144
141	147
141	153
141	156
141	160
141	165
141	169
141	171
141	172
141	178
141	183
141	188
141	189
141	192
141	194
141	195
141	204
141	206
141	210
141	213
141	217
141	220
142	1
142	2
142	3
142	5
142	6
142	7
142	8
142	9
142	10
142	11
142	12
142	13
142	14
142	15
142	16
142	17
142	18
142	19
142	20
142	22
142	23
142	24
142	25
142	26
142	27
142	30
142	31
142	32
142	33
142	34
142	35
142	36
142	37
142	38
142	39
142	40
142	42
142	43
142	44
142	45
142	46
142	47
142	48
142	50
142	52
142	53
142	54
142	55
142	56
142	57
142	59
142	60
142	61
142	63
142	64
142	65
142	66
142	67
142	68
142	69
142	70
142	71
142	72
142	73
142	74
142	75
142	76
142	78
142	79
142	80
142	81
142	82
142	83
142	84
142	85
142	86
142	87
142	88
142	89
142	90
142	91
142	92
142	94
142	95
142	96
142	97
142	98
142	99
142	100
142	102
142	103
142	104
142	105
142	106
142	107
142	108
142	109
142	111
142	112
142	113
142	114
142	115
142	117
142	118
142	119
142	120
142	121
142	122
142	123
142	124
142	125
142	126
142	128
142	129
142	130
142	131
142	132
142	133
142	135
142	136
142	138
142	140
142	141
142	143
142	144
142	145
142	146
142	147
142	150
142	151
142	152
142	153
142	154
142	156
142	157
142	158
142	159
142	160
142	162
142	163
142	164
142	165
142	166
142	167
142	168
142	169
142	171
142	172
142	174
142	176
142	178
142	179
142	180
142	181
142	183
142	184
142	185
142	186
142	187
142	188
142	189
142	190
142	191
142	192
142	194
142	195
142	196
142	197
142	198
142	199
142	200
142	201
142	202
142	204
142	205
142	206
142	207
142	210
142	211
142	212
142	213
142	214
142	216
142	217
142	218
142	220
142	221
142	224
142	225
142	226
143	12
143	31
143	38
143	60
143	73
143	74
143	75
143	76
143	120
143	131
143	141
143	142
143	144
143	180
143	183
143	188
143	189
143	199
143	213
143	217
143	219
143	222
144	1
144	4
144	9
144	12
144	13
144	16
144	18
144	19
144	20
144	25
144	26
144	31
144	32
144	33
144	38
144	43
144	44
144	45
144	48
144	51
144	54
144	57
144	60
144	63
144	65
144	66
144	69
144	70
144	71
144	72
144	73
144	74
144	75
144	76
144	77
144	81
144	82
144	85
144	86
144	87
144	96
144	97
144	98
144	99
144	102
144	103
144	104
144	106
144	108
144	110
144	111
144	115
144	120
144	122
144	123
144	126
144	127
144	131
144	138
144	139
144	142
144	143
144	146
144	148
144	149
144	150
144	152
144	153
144	154
144	157
144	159
144	160
144	161
144	162
144	163
144	164
144	165
144	167
144	168
144	169
144	172
144	175
144	178
144	183
144	184
144	185
144	186
144	188
144	189
144	190
144	191
144	194
144	195
144	198
144	199
144	200
144	203
144	204
144	205
144	206
144	209
144	212
144	213
144	214
144	216
144	217
144	219
144	221
144	222
144	225
144	226
145	38
145	52
145	55
145	64
145	66
145	73
145	74
145	82
145	88
145	95
145	98
145	102
145	125
145	131
145	142
145	156
145	162
145	168
145	189
145	194
145	195
145	206
145	213
145	217
145	220
146	12
146	17
146	31
146	34
146	38
146	53
146	57
146	69
146	70
146	75
146	78
146	82
146	98
146	109
146	122
146	131
146	135
146	142
146	147
146	166
146	167
146	169
146	185
146	188
146	195
146	199
146	210
146	225
147	9
147	12
147	13
147	15
147	20
147	22
147	26
147	34
147	38
147	43
147	45
147	53
147	54
147	56
147	60
147	70
147	75
147	78
147	79
147	81
147	82
147	84
147	88
147	98
147	102
147	103
147	104
147	109
147	119
147	122
147	131
147	136
147	142
147	144
147	146
147	150
147	159
147	162
147	165
147	169
147	177
147	182
147	183
147	188
147	189
147	194
147	195
147	199
147	201
147	210
147	212
147	213
147	214
147	217
147	220
147	225
147	226
148	23
148	144
148	190
148	195
148	217
149	71
149	131
149	220
150	1
150	2
150	3
150	6
150	9
150	10
150	12
150	13
150	14
150	16
150	17
150	18
150	19
150	20
150	22
150	23
150	24
150	25
150	26
150	27
150	31
150	32
150	33
150	37
150	38
150	40
150	42
150	43
150	44
150	45
150	48
150	50
150	52
150	53
150	54
150	55
150	56
150	57
150	60
150	63
150	64
150	65
150	66
150	67
150	68
150	69
150	70
150	71
150	72
150	73
150	74
150	75
150	76
150	78
150	79
150	80
150	81
150	82
150	83
150	84
150	85
150	87
150	88
150	95
150	96
150	97
150	98
150	99
150	100
150	102
150	103
150	104
150	105
150	106
150	107
150	108
150	109
150	111
150	112
150	114
150	115
150	117
150	118
150	119
150	120
150	121
150	122
150	123
150	124
150	125
150	126
150	128
150	129
150	131
150	133
150	135
150	136
150	140
150	142
150	144
150	146
150	147
150	152
150	153
150	154
150	159
150	160
150	162
150	163
150	164
150	165
150	166
150	167
150	168
150	178
150	179
150	180
150	181
150	183
150	184
150	185
150	187
150	188
150	189
150	190
150	191
150	194
150	195
150	198
150	199
150	200
150	201
150	204
150	205
150	206
150	210
150	211
150	212
150	213
150	214
150	216
150	217
150	220
150	221
150	225
150	226
151	111
151	142
151	178
151	184
152	12
152	13
152	14
152	16
152	20
152	38
152	54
152	57
152	60
152	65
152	70
152	75
152	78
152	81
152	82
152	98
152	102
152	104
152	142
152	154
152	157
152	160
152	162
152	164
152	165
152	168
152	169
152	178
152	183
152	188
152	190
152	191
152	194
152	195
152	199
152	210
152	212
152	213
152	214
152	217
152	225
153	2
153	3
153	5
153	8
153	9
153	10
153	12
153	13
153	14
153	16
153	17
153	18
153	19
153	20
153	21
153	23
153	25
153	26
153	27
153	31
153	32
153	33
153	34
153	36
153	37
153	38
153	43
153	44
153	45
153	46
153	48
153	52
153	53
153	54
153	55
153	56
153	57
153	60
153	62
153	64
153	65
153	66
153	69
153	70
153	71
153	73
153	74
153	75
153	76
153	78
153	80
153	81
153	82
153	84
153	85
153	86
153	88
153	89
153	91
153	95
153	96
153	97
153	98
153	99
153	101
153	102
153	103
153	104
153	105
153	106
153	107
153	108
153	109
153	110
153	111
153	112
153	114
153	115
153	116
153	118
153	119
153	120
153	121
153	122
153	123
153	124
153	125
153	126
153	129
153	130
153	131
153	132
153	133
153	134
153	135
153	136
153	137
153	138
153	140
153	141
153	142
153	143
153	144
153	145
153	146
153	147
153	150
153	151
153	152
153	154
153	156
153	157
153	158
153	159
153	160
153	162
153	163
153	164
153	165
153	166
153	167
153	168
153	169
153	171
153	172
153	174
153	175
153	177
153	178
153	179
153	180
153	181
153	182
153	183
153	184
153	185
153	186
153	188
153	189
153	190
153	191
153	192
153	194
153	195
153	196
153	198
153	199
153	200
153	204
153	205
153	206
153	207
153	210
153	211
153	212
153	213
153	214
153	216
153	217
153	219
153	220
153	221
153	222
153	224
153	225
153	226
154	1
154	9
154	12
154	13
154	16
154	17
154	20
154	38
154	39
154	44
154	45
154	48
154	54
154	56
154	57
154	58
154	60
154	63
154	65
154	70
154	73
154	75
154	76
154	81
154	82
154	96
154	99
154	100
154	102
154	103
154	104
154	106
154	109
154	111
154	112
154	121
154	123
154	124
154	131
154	135
154	136
154	137
154	140
154	142
154	144
154	145
154	150
154	152
154	153
154	159
154	160
154	162
154	163
154	165
154	167
154	178
154	179
154	183
154	188
154	189
154	190
154	191
154	194
154	195
154	196
154	199
154	206
154	207
154	212
154	213
154	214
154	217
154	221
155	160
156	3
156	6
156	8
156	9
156	12
156	15
156	18
156	21
156	23
156	25
156	31
156	38
156	43
156	45
156	48
156	52
156	54
156	55
156	62
156	63
156	64
156	66
156	81
156	82
156	86
156	88
156	91
156	92
156	95
156	98
156	99
156	102
156	103
156	104
156	105
156	130
156	131
156	141
156	142
156	144
156	145
156	150
156	153
156	158
156	159
156	162
156	165
156	171
156	172
156	175
156	181
156	183
156	184
156	189
156	192
156	194
156	195
156	204
156	206
156	213
156	216
156	217
156	220
157	9
157	12
157	20
157	31
157	38
157	45
157	48
157	60
157	73
157	108
157	144
157	165
157	183
157	186
157	194
157	210
157	213
158	12
158	25
158	38
158	43
158	45
158	53
158	64
158	66
158	67
158	88
158	96
158	104
158	125
158	130
158	131
158	156
158	162
158	165
158	167
158	189
158	205
158	213
158	216
158	217
159	9
159	12
159	13
159	20
159	25
159	31
159	38
159	43
159	45
159	48
159	52
159	56
159	60
159	63
159	64
159	66
159	70
159	74
159	75
159	76
159	80
159	81
159	82
159	88
159	92
159	95
159	98
159	102
159	103
159	104
159	106
159	119
159	123
159	126
159	131
159	142
159	144
159	145
159	150
159	156
159	158
159	160
159	165
159	168
159	172
159	178
159	188
159	189
159	194
159	195
159	199
159	206
159	211
159	212
159	213
159	216
159	217
159	220
159	225
160	2
160	3
160	5
160	9
160	10
160	12
160	13
160	14
160	16
160	17
160	18
160	19
160	20
160	23
160	25
160	26
160	31
160	32
160	33
160	36
160	37
160	38
160	43
160	44
160	45
160	46
160	48
160	51
160	52
160	53
160	54
160	55
160	56
160	57
160	59
160	60
160	63
160	64
160	65
160	66
160	69
160	70
160	71
160	73
160	74
160	75
160	76
160	77
160	81
160	82
160	84
160	85
160	86
160	87
160	88
160	91
160	96
160	97
160	98
160	99
160	101
160	102
160	103
160	104
160	105
160	106
160	107
160	108
160	109
160	111
160	112
160	115
160	117
160	119
160	121
160	123
160	124
160	125
160	126
160	127
160	129
160	130
160	131
160	132
160	133
160	135
160	136
160	137
160	140
160	142
160	143
160	144
160	145
160	147
160	150
160	151
160	153
160	154
160	155
160	156
160	157
160	158
160	159
160	162
160	163
160	164
160	165
160	166
160	167
160	168
160	172
160	174
160	178
160	179
160	180
160	183
160	184
160	185
160	186
160	188
160	189
160	190
160	192
160	194
160	195
160	196
160	198
160	199
160	200
160	204
160	205
160	206
160	210
160	211
160	212
160	213
160	215
160	216
160	217
160	218
160	219
160	220
160	221
160	224
161	17
161	31
161	38
161	184
162	1
162	2
162	3
162	6
162	9
162	12
162	13
162	14
162	16
162	17
162	19
162	20
162	21
162	26
162	30
162	31
162	33
162	37
162	38
162	42
162	43
162	44
162	45
162	48
162	50
162	52
162	54
162	56
162	57
162	60
162	63
162	64
162	65
162	66
162	69
162	70
162	71
162	74
162	75
162	76
162	77
162	80
162	81
162	82
162	84
162	92
162	96
162	97
162	98
162	99
162	100
162	102
162	103
162	104
162	105
162	106
162	107
162	108
162	109
162	111
162	112
162	114
162	115
162	119
162	120
162	121
162	122
162	123
162	126
162	129
162	131
162	133
162	135
162	142
162	143
162	144
162	145
162	150
162	153
162	154
162	159
162	160
162	163
162	164
162	165
162	166
162	167
162	168
162	169
162	178
162	180
162	181
162	183
162	184
162	185
162	188
162	189
162	191
162	194
162	195
162	198
162	199
162	204
162	205
162	206
162	210
162	211
162	212
162	213
162	214
162	216
162	217
162	218
162	220
162	221
162	225
162	226
163	3
163	5
163	6
163	9
163	10
163	12
163	13
163	14
163	16
163	18
163	19
163	20
163	23
163	25
163	26
163	27
163	31
163	32
163	33
163	37
163	38
163	39
163	40
163	43
163	44
163	45
163	46
163	48
163	50
163	52
163	53
163	54
163	57
163	59
163	60
163	63
163	67
163	69
163	71
163	74
163	75
163	76
163	78
163	79
163	80
163	81
163	82
163	84
163	88
163	90
163	96
163	97
163	98
163	99
163	102
163	103
163	104
163	105
163	106
163	107
163	108
163	111
163	115
163	119
163	120
163	121
163	122
163	123
163	126
163	129
163	130
163	131
163	133
163	135
163	136
163	142
163	143
163	144
163	145
163	150
163	153
163	154
163	159
163	160
163	162
163	164
163	165
163	166
163	167
163	168
163	177
163	178
163	179
163	180
163	183
163	184
163	185
163	187
163	188
163	189
163	194
163	195
163	198
163	199
163	200
163	204
163	205
163	206
163	210
163	211
163	212
163	213
163	214
163	216
163	217
163	220
163	222
164	9
164	12
164	13
164	17
164	20
164	33
164	38
164	44
164	56
164	57
164	60
164	65
164	68
164	70
164	74
164	75
164	81
164	82
164	84
164	100
164	102
164	104
164	106
164	108
164	111
164	122
164	123
164	124
164	142
164	152
164	154
164	162
164	165
164	178
164	180
164	183
164	184
164	185
164	188
164	189
164	190
164	191
164	194
164	195
164	199
164	206
164	212
164	213
164	214
164	217
165	1
165	2
165	3
165	4
165	5
165	6
165	8
165	9
165	10
165	12
165	13
165	14
165	16
165	17
165	18
165	19
165	20
165	22
165	24
165	25
165	26
165	27
165	31
165	32
165	33
165	34
165	36
165	37
165	38
165	42
165	43
165	44
165	45
165	46
165	48
165	50
165	52
165	53
165	54
165	55
165	56
165	57
165	59
165	60
165	61
165	62
165	63
165	64
165	65
165	66
165	68
165	69
165	70
165	71
165	72
165	73
165	74
165	75
165	76
165	77
165	78
165	80
165	81
165	82
165	84
165	85
165	86
165	87
165	88
165	91
165	92
165	95
165	96
165	97
165	98
165	99
165	101
165	102
165	103
165	104
165	105
165	106
165	107
165	108
165	109
165	111
165	112
165	113
165	114
165	115
165	118
165	119
165	120
165	121
165	123
165	124
165	125
165	126
165	127
165	129
165	130
165	131
165	132
165	133
165	134
165	135
165	136
165	137
165	138
165	140
165	142
165	143
165	144
165	145
165	146
165	147
165	150
165	151
165	152
165	153
165	154
165	156
165	157
165	158
165	159
165	160
165	162
165	163
165	164
165	166
165	167
165	168
165	169
165	171
165	172
165	174
165	178
165	179
165	180
165	181
165	183
165	184
165	185
165	186
165	188
165	189
165	190
165	191
165	194
165	195
165	196
165	198
165	199
165	201
165	203
165	204
165	205
165	206
165	210
165	211
165	212
165	213
165	214
165	216
165	217
165	218
165	219
165	220
165	221
165	224
165	225
165	226
166	20
166	31
166	33
166	38
166	48
166	57
166	60
166	69
166	75
166	81
166	96
166	114
166	119
166	123
166	131
166	142
166	153
166	162
166	165
166	167
166	168
166	184
166	185
166	188
166	194
166	195
166	206
166	207
166	211
166	213
166	217
166	218
167	3
167	6
167	9
167	10
167	12
167	13
167	17
167	20
167	25
167	26
167	31
167	33
167	38
167	43
167	44
167	45
167	48
167	54
167	56
167	57
167	59
167	60
167	69
167	70
167	74
167	75
167	76
167	81
167	84
167	96
167	97
167	98
167	99
167	102
167	103
167	104
167	106
167	107
167	108
167	111
167	114
167	115
167	120
167	122
167	123
167	126
167	129
167	131
167	133
167	135
167	142
167	144
167	146
167	150
167	151
167	153
167	154
167	159
167	160
167	162
167	163
167	164
167	165
167	166
167	168
167	178
167	180
167	183
167	184
167	185
167	188
167	189
167	191
167	194
167	195
167	198
167	199
167	205
167	206
167	211
167	212
167	213
167	217
167	218
167	221
168	1
168	2
168	3
168	6
168	8
168	9
168	10
168	12
168	13
168	14
168	19
168	20
168	26
168	27
168	31
168	33
168	36
168	38
168	43
168	44
168	45
168	48
168	52
168	54
168	55
168	56
168	57
168	60
168	64
168	65
168	67
168	68
168	69
168	70
168	71
168	74
168	75
168	80
168	81
168	82
168	84
168	88
168	96
168	97
168	98
168	99
168	102
168	103
168	104
168	106
168	108
168	109
168	112
168	113
168	114
168	115
168	119
168	120
168	122
168	123
168	125
168	126
168	129
168	130
168	131
168	132
168	133
168	135
168	142
168	144
168	146
168	150
168	153
168	154
168	157
168	159
168	160
168	162
168	163
168	164
168	165
168	166
168	167
168	178
168	179
168	180
168	181
168	182
168	183
168	184
168	185
168	188
168	189
168	191
168	194
168	195
168	196
168	197
168	198
168	199
168	200
168	201
168	204
168	205
168	206
168	207
168	210
168	211
168	212
168	213
168	217
168	218
168	220
168	221
168	225
169	20
169	35
169	38
169	60
169	75
169	109
169	142
169	153
169	158
169	188
169	196
169	210
169	213
169	214
169	217
169	220
170	2
170	25
170	38
170	57
170	73
170	75
170	81
170	98
170	99
170	106
170	131
170	135
170	142
170	144
170	157
170	159
170	169
170	188
170	205
170	206
170	217
171	7
171	8
171	13
171	18
171	23
171	38
171	62
171	75
171	81
171	86
171	165
171	172
171	180
171	206
171	213
171	217
172	12
172	18
172	38
172	62
172	63
172	75
172	86
172	91
172	98
172	104
172	105
172	142
172	146
172	167
172	171
173	71
173	131
173	184
174	7
174	18
174	75
174	86
174	91
174	106
174	162
174	171
174	172
174	183
174	217
175	12
175	31
175	38
175	44
175	73
175	81
175	98
175	131
175	142
175	154
175	165
175	183
175	186
175	199
175	219
176	13
176	123
176	129
176	142
176	150
176	184
177	38
177	63
177	99
177	123
177	131
177	144
177	163
177	165
177	184
177	188
177	217
178	2
178	3
178	12
178	13
178	14
178	16
178	17
178	20
178	24
178	26
178	27
178	30
178	31
178	34
178	35
178	37
178	38
178	44
178	45
178	49
178	52
178	53
178	56
178	57
178	60
178	61
178	65
178	68
178	70
178	74
178	75
178	79
178	81
178	82
178	89
178	91
178	95
178	96
178	98
178	99
178	102
178	104
178	106
178	107
178	109
178	111
178	115
178	120
178	122
178	123
178	125
178	129
178	130
178	131
178	135
178	136
178	140
178	142
178	144
178	146
178	147
178	150
178	152
178	153
178	154
178	160
178	162
178	164
178	165
178	169
178	179
178	182
178	183
178	188
178	189
178	190
178	191
178	194
178	195
178	196
178	199
178	204
178	210
178	211
178	212
178	213
178	214
178	217
178	218
178	220
178	221
178	224
178	225
178	226
179	3
179	12
179	13
179	20
179	22
179	33
179	34
179	38
179	39
179	42
179	44
179	45
179	48
179	50
179	53
179	54
179	57
179	59
179	60
179	65
179	67
179	68
179	70
179	74
179	75
179	78
179	79
179	81
179	82
179	89
179	90
179	98
179	99
179	103
179	106
179	109
179	115
179	121
179	123
179	125
179	128
179	129
179	131
179	135
179	142
179	144
179	146
179	150
179	159
179	162
179	165
179	167
179	168
179	169
179	188
179	189
179	198
179	199
179	201
179	206
179	210
179	213
179	217
180	2
180	3
180	6
180	9
180	10
180	12
180	13
180	16
180	17
180	20
180	26
180	27
180	33
180	38
180	43
180	44
180	45
180	50
180	54
180	55
180	57
180	58
180	60
180	65
180	67
180	70
180	74
180	75
180	80
180	81
180	84
180	92
180	96
180	102
180	103
180	104
180	105
180	106
180	108
180	114
180	119
180	120
180	122
180	126
180	133
180	142
180	144
180	150
180	153
180	162
180	163
180	165
180	167
180	178
180	184
180	185
180	188
180	189
180	194
180	195
180	198
180	205
180	206
180	213
180	217
181	2
181	10
181	12
181	13
181	17
181	18
181	19
181	27
181	31
181	33
181	38
181	45
181	54
181	57
181	74
181	75
181	81
181	82
181	99
181	102
181	104
181	108
181	109
181	114
181	124
181	129
181	135
181	144
181	160
181	162
181	165
181	167
181	168
181	180
181	183
181	184
181	185
181	188
181	198
181	199
181	206
181	213
181	217
182	2
182	9
182	12
182	26
182	31
182	38
182	43
182	48
182	57
182	60
182	69
182	75
182	81
182	98
182	102
182	104
182	106
182	109
182	121
182	122
182	131
182	142
182	143
182	144
182	159
182	185
182	188
182	189
182	194
182	199
182	214
182	217
183	1
183	2
183	3
183	5
183	6
183	9
183	10
183	12
183	13
183	14
183	16
183	17
183	18
183	19
183	20
183	22
183	23
183	24
183	25
183	26
183	27
183	31
183	32
183	33
183	34
183	36
183	37
183	38
183	39
183	43
183	44
183	45
183	46
183	47
183	48
183	49
183	51
183	52
183	53
183	54
183	55
183	56
183	57
183	58
183	60
183	61
183	63
183	64
183	65
183	66
183	68
183	69
183	70
183	71
183	73
183	74
183	75
183	76
183	78
183	79
183	80
183	81
183	82
183	84
183	85
183	86
183	87
183	88
183	89
183	91
183	95
183	96
183	97
183	98
183	99
183	102
183	103
183	104
183	105
183	106
183	107
183	108
183	109
183	110
183	111
183	112
183	113
183	114
183	115
183	118
183	119
183	120
183	121
183	122
183	123
183	124
183	125
183	126
183	128
183	129
183	130
183	131
183	132
183	133
183	134
183	135
183	136
183	137
183	138
183	140
183	142
183	143
183	144
183	145
183	146
183	147
183	150
183	151
183	152
183	153
183	154
183	156
183	157
183	158
183	159
183	160
183	162
183	163
183	164
183	165
183	166
183	167
183	168
183	169
183	172
183	174
183	175
183	178
183	179
183	180
183	181
183	184
183	185
183	186
183	188
183	189
183	190
183	191
183	194
183	195
183	196
183	198
183	199
183	200
183	201
183	204
183	205
183	206
183	207
183	210
183	211
183	212
183	213
183	214
183	216
183	217
183	219
183	220
183	221
183	222
183	224
183	225
183	226
184	1
184	2
184	3
184	5
184	6
184	9
184	10
184	12
184	13
184	16
184	17
184	18
184	19
184	20
184	25
184	26
184	27
184	31
184	33
184	36
184	37
184	38
184	43
184	44
184	45
184	46
184	48
184	50
184	52
184	53
184	54
184	55
184	56
184	57
184	60
184	65
184	67
184	69
184	70
184	71
184	73
184	74
184	75
184	76
184	80
184	81
184	82
184	84
184	85
184	88
184	96
184	97
184	98
184	99
184	102
184	103
184	104
184	106
184	107
184	108
184	109
184	111
184	112
184	114
184	115
184	119
184	121
184	122
184	123
184	126
184	129
184	130
184	131
184	132
184	133
184	135
184	142
184	143
184	144
184	145
184	146
184	150
184	152
184	153
184	154
184	157
184	159
184	160
184	162
184	163
184	164
184	165
184	166
184	167
184	168
184	169
184	178
184	180
184	185
184	188
184	189
184	194
184	195
184	198
184	199
184	200
184	205
184	206
184	210
184	211
184	212
184	213
184	216
184	217
184	218
184	220
184	221
184	225
184	226
185	2
185	3
185	5
185	9
185	10
185	12
185	13
185	14
185	16
185	18
185	19
185	20
185	25
185	26
185	31
185	33
185	37
185	38
185	43
185	44
185	45
185	46
185	48
185	52
185	53
185	54
185	56
185	57
185	60
185	64
185	69
185	73
185	74
185	75
185	76
185	80
185	81
185	84
185	96
185	97
185	98
185	102
185	103
185	104
185	105
185	106
185	107
185	108
185	111
185	115
185	119
185	120
185	121
185	123
185	129
185	131
185	132
185	133
185	135
185	142
185	143
185	144
185	150
185	153
185	154
185	157
185	159
185	160
185	162
185	164
185	165
185	166
185	167
185	168
185	178
185	180
185	183
185	184
185	188
185	189
185	194
185	195
185	198
185	199
185	205
185	206
185	210
185	211
185	212
185	213
185	216
185	217
185	218
186	12
186	13
186	48
186	57
186	73
186	142
186	144
186	165
186	194
186	219
187	38
187	53
187	60
187	69
187	70
187	75
187	98
187	142
187	147
187	154
187	157
187	167
187	185
187	188
188	1
188	3
188	6
188	9
188	12
188	13
188	16
188	17
188	20
188	22
188	27
188	31
188	33
188	34
188	35
188	36
188	37
188	38
188	39
188	42
188	43
188	44
188	45
188	48
188	49
188	50
188	52
188	53
188	54
188	56
188	57
188	58
188	59
188	60
188	61
188	62
188	63
188	67
188	68
188	69
188	70
188	74
188	75
188	78
188	79
188	81
188	82
188	84
188	88
188	89
188	91
188	96
188	97
188	98
188	99
188	102
188	103
188	104
188	105
188	106
188	107
188	108
188	109
188	111
188	114
188	115
188	116
188	117
188	120
188	121
188	122
188	123
188	124
188	125
188	126
188	127
188	128
188	129
188	130
188	131
188	135
188	136
188	138
188	140
188	141
188	142
188	143
188	144
188	146
188	147
188	150
188	152
188	153
188	154
188	159
188	160
188	162
188	163
188	164
188	165
188	166
188	167
188	168
188	169
188	170
188	171
188	178
188	179
188	180
188	181
188	183
188	184
188	185
188	187
188	189
188	191
188	193
188	194
188	195
188	198
188	199
188	201
188	204
188	205
188	206
188	210
188	212
188	213
188	214
188	216
188	217
188	218
188	220
188	225
188	226
189	1
189	2
189	3
189	5
189	6
189	9
189	10
189	12
189	13
189	14
189	15
189	16
189	17
189	18
189	19
189	20
189	22
189	25
189	26
189	27
189	31
189	32
189	33
189	34
189	35
189	37
189	38
189	39
189	40
189	43
189	44
189	45
189	48
189	50
189	52
189	53
189	54
189	55
189	56
189	57
189	58
189	59
189	60
189	61
189	63
189	64
189	65
189	66
189	67
189	69
189	70
189	71
189	73
189	74
189	75
189	76
189	78
189	79
189	80
189	81
189	82
189	83
189	84
189	85
189	86
189	88
189	89
189	95
189	96
189	97
189	98
189	99
189	102
189	103
189	104
189	105
189	106
189	107
189	108
189	109
189	111
189	112
189	114
189	115
189	117
189	119
189	120
189	121
189	123
189	124
189	125
189	126
189	127
189	128
189	129
189	130
189	131
189	133
189	135
189	136
189	138
189	140
189	141
189	142
189	143
189	144
189	145
189	146
189	147
189	150
189	151
189	152
189	153
189	154
189	156
189	158
189	159
189	160
189	162
189	163
189	164
189	165
189	166
189	167
189	168
189	174
189	178
189	179
189	180
189	181
189	183
189	184
189	185
189	186
189	188
189	190
189	191
189	194
189	195
189	196
189	198
189	199
189	204
189	205
189	206
189	210
189	211
189	212
189	213
189	214
189	216
189	217
189	218
189	220
189	221
189	224
189	226
190	2
190	3
190	9
190	12
190	13
190	16
190	17
190	31
190	33
190	38
190	44
190	45
190	48
190	54
190	57
190	60
190	69
190	70
190	75
190	81
190	92
190	98
190	103
190	104
190	106
190	111
190	123
190	124
190	129
190	131
190	135
190	140
190	142
190	144
190	150
190	152
190	153
190	154
190	160
190	164
190	165
190	168
190	178
190	181
190	183
190	185
190	188
190	194
190	195
190	199
190	206
190	210
190	212
190	213
190	214
190	217
190	221
191	12
191	13
191	18
191	38
191	44
191	45
191	68
191	70
191	75
191	82
191	98
191	111
191	121
191	124
191	142
191	145
191	154
191	165
191	167
191	168
191	172
191	178
191	183
191	188
191	189
191	206
191	212
191	220
191	221
192	18
192	25
192	26
192	38
192	54
192	57
192	58
192	70
192	75
192	81
192	98
192	106
192	129
192	131
192	141
192	142
192	162
192	165
192	178
192	217
193	2
193	12
193	17
193	25
193	26
193	27
193	33
193	34
193	38
193	45
193	48
193	57
193	69
193	70
193	71
193	73
193	75
193	76
193	81
193	98
193	99
193	102
193	108
193	115
193	122
193	129
193	131
193	135
193	136
193	143
193	145
193	159
193	162
193	164
193	165
193	166
193	169
193	180
193	183
193	184
193	189
193	199
193	205
193	210
193	214
193	217
193	225
194	1
194	2
194	3
194	5
194	6
194	9
194	12
194	13
194	14
194	16
194	17
194	18
194	19
194	20
194	22
194	23
194	25
194	26
194	27
194	31
194	32
194	33
194	34
194	35
194	36
194	37
194	38
194	39
194	40
194	42
194	43
194	44
194	45
194	46
194	48
194	50
194	52
194	53
194	54
194	55
194	56
194	57
194	58
194	59
194	60
194	61
194	63
194	64
194	65
194	66
194	68
194	69
194	70
194	71
194	73
194	74
194	75
194	76
194	78
194	79
194	80
194	81
194	82
194	84
194	85
194	88
194	89
194	92
194	95
194	96
194	97
194	98
194	99
194	102
194	103
194	104
194	105
194	106
194	107
194	108
194	109
194	111
194	112
194	113
194	114
194	115
194	117
194	118
194	119
194	120
194	121
194	122
194	123
194	124
194	125
194	126
194	129
194	130
194	131
194	132
194	133
194	135
194	136
194	137
194	138
194	140
194	141
194	142
194	143
194	144
194	145
194	146
194	147
194	150
194	151
194	152
194	153
194	154
194	156
194	157
194	158
194	159
194	160
194	162
194	163
194	164
194	165
194	166
194	167
194	168
194	169
194	172
194	175
194	178
194	179
194	180
194	181
194	182
194	183
194	184
194	185
194	187
194	188
194	189
194	190
194	191
194	195
194	196
194	198
194	199
194	201
194	203
194	204
194	205
194	206
194	207
194	210
194	211
194	212
194	213
194	214
194	216
194	217
194	218
194	220
194	221
194	224
194	225
194	226
195	1
195	2
195	3
195	6
195	8
195	9
195	10
195	12
195	13
195	14
195	15
195	16
195	17
195	18
195	19
195	20
195	21
195	22
195	23
195	24
195	25
195	26
195	27
195	30
195	31
195	32
195	33
195	34
195	35
195	36
195	37
195	38
195	39
195	40
195	42
195	43
195	44
195	45
195	46
195	48
195	50
195	52
195	53
195	54
195	55
195	56
195	57
195	58
195	59
195	60
195	62
195	63
195	64
195	65
195	66
195	67
195	68
195	69
195	70
195	73
195	74
195	75
195	76
195	78
195	79
195	80
195	81
195	82
195	83
195	84
195	85
195	87
195	88
195	89
195	91
195	92
195	95
195	96
195	97
195	98
195	99
195	102
195	103
195	104
195	105
195	106
195	107
195	108
195	109
195	110
195	111
195	112
195	113
195	114
195	115
195	116
195	117
195	118
195	119
195	120
195	121
195	122
195	123
195	124
195	125
195	126
195	128
195	129
195	130
195	131
195	132
195	133
195	134
195	135
195	136
195	137
195	138
195	139
195	140
195	141
195	142
195	143
195	144
195	145
195	146
195	147
195	150
195	151
195	152
195	153
195	154
195	156
195	157
195	158
195	159
195	160
195	162
195	163
195	164
195	165
195	166
195	167
195	168
195	169
195	172
195	178
195	179
195	180
195	181
195	182
195	183
195	184
195	185
195	186
195	188
195	189
195	190
195	191
195	192
195	194
195	196
195	197
195	198
195	199
195	200
195	201
195	204
195	205
195	206
195	207
195	210
195	211
195	212
195	213
195	214
195	216
195	217
195	218
195	220
195	221
195	222
195	224
195	225
195	226
196	3
196	10
196	12
196	13
196	16
196	38
196	44
196	48
196	53
196	54
196	56
196	57
196	60
196	64
196	65
196	75
196	81
196	82
196	96
196	101
196	102
196	104
196	106
196	111
196	115
196	142
196	144
196	147
196	153
196	159
196	164
196	165
196	168
196	178
196	183
196	188
196	189
196	191
196	194
196	195
196	199
196	206
196	212
196	213
196	217
196	221
196	224
197	3
197	9
197	12
197	13
197	31
197	33
197	38
197	43
197	44
197	57
197	60
197	71
197	74
197	75
197	81
197	98
197	99
197	104
197	112
197	131
197	133
197	142
197	159
197	165
197	189
197	206
197	213
197	217
198	2
198	13
198	16
198	19
198	20
198	26
198	38
198	45
198	54
198	57
198	60
198	75
198	81
198	84
198	88
198	96
198	102
198	104
198	115
198	121
198	131
198	142
198	143
198	150
198	153
198	162
198	166
198	184
198	185
198	188
198	189
198	194
198	195
198	206
198	211
198	213
199	1
199	2
199	3
199	5
199	6
199	8
199	9
199	10
199	12
199	13
199	14
199	16
199	17
199	18
199	19
199	20
199	21
199	23
199	24
199	25
199	26
199	30
199	31
199	32
199	33
199	34
199	36
199	37
199	38
199	43
199	44
199	45
199	46
199	48
199	49
199	50
199	52
199	53
199	54
199	55
199	56
199	57
199	58
199	60
199	63
199	64
199	65
199	66
199	69
199	70
199	71
199	72
199	73
199	74
199	75
199	76
199	78
199	79
199	81
199	82
199	84
199	85
199	86
199	88
199	91
199	96
199	97
199	98
199	99
199	101
199	102
199	103
199	104
199	105
199	106
199	107
199	108
199	109
199	111
199	112
199	113
199	114
199	115
199	118
199	119
199	120
199	121
199	122
199	123
199	124
199	125
199	126
199	129
199	130
199	131
199	132
199	133
199	134
199	135
199	136
199	137
199	138
199	140
199	142
199	143
199	144
199	145
199	146
199	147
199	150
199	151
199	152
199	153
199	154
199	157
199	158
199	159
199	160
199	162
199	163
199	164
199	165
199	166
199	167
199	168
199	169
199	171
199	172
199	174
199	178
199	179
199	180
199	181
199	183
199	184
199	185
199	186
199	188
199	189
199	190
199	191
199	194
199	195
199	196
199	198
199	200
199	204
199	205
199	206
199	210
199	211
199	212
199	213
199	214
199	216
199	217
199	219
199	220
199	221
199	222
199	224
199	225
199	226
200	12
200	31
200	44
200	53
200	54
200	157
200	162
200	163
200	179
200	188
200	195
201	22
201	34
201	38
201	53
201	70
201	75
201	78
201	82
201	111
201	142
201	143
201	146
201	159
201	188
201	199
201	213
201	217
202	98
202	162
202	213
202	217
202	226
203	12
203	38
203	45
203	73
203	75
203	123
203	142
203	175
203	185
203	213
204	7
204	8
204	12
204	14
204	18
204	21
204	23
204	30
204	38
204	40
204	52
204	62
204	63
204	64
204	70
204	81
204	86
204	91
204	92
204	98
204	102
204	104
204	105
204	131
204	141
204	142
204	150
204	167
204	171
204	172
204	174
204	183
204	188
204	189
204	192
204	199
204	201
204	213
204	217
204	220
205	3
205	12
205	13
205	20
205	31
205	34
205	35
205	37
205	38
205	42
205	45
205	48
205	50
205	53
205	54
205	56
205	57
205	60
205	65
205	69
205	70
205	74
205	75
205	76
205	78
205	81
205	82
205	84
205	97
205	99
205	102
205	104
205	106
205	108
205	115
205	125
205	126
205	128
205	131
205	135
205	136
205	142
205	143
205	144
205	146
205	147
205	150
205	153
205	154
205	159
205	162
205	163
205	165
205	169
205	178
205	179
205	183
205	184
205	185
205	188
205	189
205	195
205	199
205	204
205	206
205	210
205	213
205	214
205	217
206	1
206	2
206	3
206	9
206	10
206	12
206	13
206	14
206	16
206	20
206	26
206	27
206	31
206	33
206	37
206	38
206	43
206	44
206	45
206	48
206	50
206	52
206	53
206	54
206	56
206	57
206	60
206	65
206	66
206	69
206	70
206	71
206	73
206	74
206	75
206	79
206	80
206	81
206	82
206	84
206	88
206	89
206	96
206	97
206	98
206	99
206	102
206	103
206	104
206	106
206	107
206	108
206	109
206	111
206	112
206	114
206	115
206	117
206	118
206	119
206	120
206	121
206	123
206	126
206	131
206	132
206	133
206	135
206	136
206	142
206	143
206	144
206	147
206	150
206	151
206	152
206	153
206	154
206	159
206	160
206	162
206	163
206	164
206	165
206	166
206	167
206	168
206	178
206	179
206	180
206	183
206	184
206	185
206	188
206	189
206	191
206	194
206	195
206	196
206	198
206	199
206	205
206	207
206	210
206	211
206	212
206	213
206	214
206	217
206	218
206	220
206	221
206	224
206	226
207	12
207	44
207	81
207	85
207	108
207	142
207	147
207	168
207	212
208	15
208	18
208	38
208	75
208	131
208	159
208	162
208	168
208	213
208	217
209	12
209	185
210	27
210	35
210	37
210	38
210	44
210	50
210	52
210	59
210	60
210	68
210	70
210	75
210	82
210	102
210	104
210	109
210	131
210	142
210	153
210	159
210	169
210	188
210	189
210	191
210	194
210	195
210	213
210	214
210	216
210	217
210	225
211	3
211	6
211	9
211	10
211	12
211	13
211	14
211	17
211	18
211	19
211	20
211	22
211	23
211	25
211	26
211	31
211	33
211	35
211	38
211	44
211	45
211	46
211	48
211	52
211	53
211	54
211	56
211	57
211	60
211	62
211	69
211	70
211	74
211	75
211	76
211	80
211	81
211	85
211	88
211	89
211	95
211	96
211	97
211	98
211	102
211	103
211	104
211	106
211	108
211	109
211	111
211	114
211	115
211	119
211	120
211	121
211	122
211	123
211	125
211	129
211	130
211	131
211	132
211	135
211	136
211	141
211	142
211	143
211	145
211	146
211	150
211	153
211	154
211	156
211	159
211	162
211	163
211	164
211	165
211	166
211	167
211	168
211	169
211	178
211	179
211	180
211	182
211	183
211	184
211	185
211	188
211	189
211	191
211	194
211	195
211	198
211	199
211	205
211	206
211	212
211	213
211	217
211	218
211	221
212	1
212	2
212	3
212	6
212	10
212	12
212	13
212	14
212	16
212	17
212	18
212	20
212	22
212	23
212	24
212	26
212	27
212	31
212	32
212	33
212	34
212	35
212	37
212	38
212	42
212	43
212	44
212	45
212	48
212	49
212	50
212	51
212	52
212	53
212	54
212	56
212	57
212	60
212	61
212	65
212	66
212	67
212	68
212	69
212	70
212	74
212	75
212	76
212	78
212	79
212	80
212	81
212	82
212	84
212	89
212	95
212	96
212	98
212	99
212	102
212	104
212	105
212	106
212	107
212	108
212	109
212	111
212	112
212	113
212	114
212	115
212	117
212	118
212	119
212	120
212	121
212	122
212	123
212	124
212	125
212	126
212	128
212	129
212	130
212	131
212	132
212	134
212	135
212	136
212	138
212	140
212	142
212	144
212	145
212	146
212	147
212	150
212	152
212	153
212	154
212	160
212	162
212	163
212	164
212	165
212	166
212	167
212	168
212	169
212	177
212	178
212	179
212	180
212	181
212	182
212	183
212	184
212	185
212	187
212	188
212	189
212	190
212	191
212	194
212	195
212	196
212	198
212	199
212	201
212	205
212	206
212	207
212	210
212	211
212	213
212	214
212	217
212	218
212	220
212	221
212	224
212	225
212	226
213	1
213	2
213	3
213	5
213	6
213	8
213	9
213	10
213	12
213	13
213	14
213	15
213	16
213	17
213	18
213	19
213	20
213	21
213	22
213	23
213	24
213	25
213	26
213	27
213	30
213	31
213	32
213	33
213	34
213	35
213	36
213	37
213	38
213	39
213	40
213	42
213	43
213	44
213	45
213	46
213	48
213	50
213	52
213	53
213	54
213	55
213	56
213	57
213	59
213	60
213	61
213	62
213	63
213	64
213	65
213	66
213	67
213	68
213	69
213	70
213	71
213	72
213	73
213	74
213	75
213	76
213	77
213	78
213	79
213	80
213	81
213	82
213	83
213	84
213	85
213	86
213	88
213	89
213	91
213	92
213	93
213	95
213	96
213	97
213	98
213	99
213	101
213	102
213	103
213	104
213	105
213	106
213	107
213	108
213	109
213	111
213	112
213	113
213	114
213	115
213	117
213	118
213	119
213	120
213	121
213	122
213	123
213	124
213	125
213	126
213	127
213	128
213	129
213	130
213	131
213	132
213	133
213	134
213	135
213	136
213	137
213	138
213	140
213	141
213	142
213	143
213	144
213	145
213	146
213	147
213	150
213	151
213	152
213	153
213	154
213	156
213	157
213	158
213	159
213	160
213	162
213	163
213	164
213	165
213	166
213	167
213	168
213	169
213	170
213	171
213	172
213	174
213	175
213	178
213	179
213	180
213	181
213	182
213	183
213	184
213	185
213	186
213	187
213	188
213	189
213	190
213	191
213	192
213	194
213	195
213	196
213	197
213	198
213	199
213	200
213	201
213	202
213	204
213	205
213	206
213	210
213	211
213	212
213	214
213	216
213	217
213	218
213	219
213	220
213	221
213	222
213	224
213	225
213	226
214	9
214	12
214	13
214	31
214	35
214	38
214	49
214	59
214	60
214	63
214	68
214	70
214	75
214	81
214	82
214	102
214	103
214	109
214	122
214	123
214	130
214	142
214	147
214	150
214	152
214	165
214	169
214	184
214	188
214	195
214	204
214	210
214	212
214	213
214	217
214	225
214	226
215	12
215	13
215	26
215	38
215	43
215	57
215	60
215	75
215	81
215	102
215	160
215	162
215	165
215	184
215	185
215	213
216	3
216	10
216	12
216	13
216	18
216	20
216	23
216	25
216	31
216	38
216	43
216	48
216	52
216	60
216	63
216	64
216	66
216	74
216	75
216	81
216	88
216	95
216	103
216	104
216	106
216	115
216	126
216	131
216	142
216	144
216	156
216	158
216	165
216	178
216	183
216	184
216	188
216	189
216	195
216	199
216	205
216	206
216	213
216	217
216	220
217	1
217	2
217	3
217	5
217	6
217	7
217	8
217	9
217	10
217	11
217	12
217	13
217	14
217	15
217	16
217	17
217	18
217	19
217	20
217	21
217	22
217	23
217	24
217	25
217	26
217	27
217	29
217	30
217	31
217	32
217	33
217	34
217	35
217	36
217	37
217	38
217	39
217	40
217	42
217	43
217	44
217	45
217	46
217	47
217	48
217	49
217	50
217	51
217	52
217	53
217	54
217	55
217	56
217	57
217	59
217	60
217	61
217	62
217	63
217	64
217	65
217	66
217	67
217	68
217	69
217	70
217	71
217	72
217	73
217	74
217	75
217	76
217	77
217	78
217	79
217	80
217	81
217	82
217	83
217	84
217	85
217	86
217	88
217	89
217	91
217	92
217	93
217	95
217	96
217	97
217	98
217	99
217	101
217	102
217	103
217	104
217	105
217	106
217	107
217	108
217	109
217	110
217	111
217	112
217	113
217	114
217	115
217	116
217	117
217	118
217	119
217	120
217	121
217	122
217	123
217	124
217	125
217	126
217	127
217	128
217	129
217	130
217	131
217	132
217	133
217	134
217	135
217	136
217	137
217	138
217	139
217	140
217	141
217	142
217	143
217	144
217	145
217	146
217	147
217	148
217	150
217	151
217	152
217	153
217	154
217	155
217	156
217	157
217	158
217	159
217	160
217	162
217	163
217	164
217	165
217	166
217	167
217	168
217	169
217	171
217	172
217	174
217	175
217	177
217	178
217	179
217	180
217	181
217	182
217	183
217	184
217	185
217	186
217	187
217	188
217	189
217	190
217	191
217	192
217	194
217	195
217	196
217	197
217	198
217	199
217	200
217	201
217	202
217	203
217	204
217	205
217	206
217	207
217	208
217	209
217	210
217	211
217	212
217	213
217	214
217	216
217	218
217	219
217	220
217	221
217	222
217	224
217	225
217	226
218	38
218	44
218	45
218	52
218	75
218	81
218	95
218	103
218	108
218	112
218	131
218	132
218	142
218	165
218	168
218	178
218	195
218	197
218	207
218	212
218	213
219	2
219	12
219	20
219	33
219	60
219	73
219	75
219	81
219	104
219	131
219	178
219	186
219	213
220	9
220	13
220	14
220	17
220	18
220	20
220	25
220	31
220	33
220	38
220	43
220	45
220	48
220	52
220	55
220	60
220	63
220	64
220	66
220	69
220	74
220	75
220	81
220	82
220	88
220	91
220	95
220	103
220	104
220	106
220	131
220	141
220	142
220	147
220	150
220	156
220	159
220	162
220	163
220	165
220	183
220	188
220	189
220	192
220	194
220	195
220	199
220	204
220	211
220	213
220	216
220	217
221	2
221	3
221	6
221	9
221	10
221	12
221	13
221	16
221	17
221	18
221	19
221	20
221	25
221	26
221	31
221	32
221	33
221	36
221	37
221	38
221	43
221	44
221	45
221	46
221	48
221	52
221	53
221	54
221	55
221	57
221	60
221	65
221	66
221	69
221	71
221	74
221	75
221	76
221	81
221	84
221	86
221	96
221	97
221	98
221	99
221	102
221	103
221	104
221	106
221	107
221	108
221	111
221	112
221	113
221	115
221	121
221	123
221	129
221	130
221	131
221	132
221	133
221	135
221	137
221	142
221	143
221	144
221	145
221	147
221	150
221	152
221	153
221	154
221	156
221	157
221	159
221	160
221	162
221	163
221	164
221	165
221	166
221	167
221	168
221	178
221	180
221	183
221	184
221	185
221	186
221	188
221	189
221	194
221	195
221	198
221	199
221	200
221	201
221	204
221	205
221	206
221	211
221	212
221	213
221	216
221	217
221	218
221	220
222	73
222	142
222	162
223	131
224	44
224	49
224	68
224	70
224	75
224	81
224	102
224	104
224	142
224	145
224	152
224	153
224	154
224	162
224	168
224	178
224	185
224	191
224	194
224	206
224	212
224	213
224	217
225	27
225	54
225	56
225	59
225	60
225	70
225	78
225	98
225	102
225	109
225	122
225	136
225	138
225	141
225	142
225	183
225	188
225	194
225	213
225	214
225	217
225	226
226	6
226	13
226	27
226	50
226	56
226	59
226	68
226	70
226	81
226	82
226	98
226	109
226	122
226	131
226	136
226	138
226	142
226	153
226	165
226	167
226	183
226	184
226	188
226	194
226	213
226	214
226	225
