1	2
1	3
2	3
4	2
4	1
5	2
5	1
6	1
6	5
7	4
7	3
8	1
8	4
9	8
9	2
10	1
10	2
11	4
11	3
12	1
12	9
13	2
13	10
14	3
14	13
15	2
15	11
16	13
16	1
17	4
17	1
18	4
18	11
19	6
19	7
20	2
20	10
21	1
21	7
22	7
22	3
23	1
23	13
24	16
24	1
25	2
25	3
26	9
26	23
27	21
27	22
28	22
28	8
29	10
29	21
30	23
30	11
31	8
31	26
32	21
32	3
33	5
33	15
34	2
34	11
35	22
35	32
36	30
36	11
37	8
37	3
38	11
38	2
39	15
39	24
40	1
40	11
41	2
41	24
42	4
42	6
43	13
43	15
44	15
44	24
45	3
45	1
46	11
46	2
47	4
47	32
48	11
48	45
49	39
49	47
50	40
50	1
51	11
51	27
52	32
52	15
53	45
53	1
54	2
54	27
55	54
55	32
56	40
56	27
57	30
57	2
58	35
58	52
59	21
59	3
60	15
60	6
61	2
61	6
62	40
62	3
63	32
63	46
64	5
64	2
65	1
65	5
66	24
66	41
67	46
67	44
68	2
68	32
69	10
69	1
70	50
70	22
71	2
71	3
72	9
72	48
73	66
73	23
74	3
74	2
75	10
75	40
76	21
76	69
77	34
77	1
78	75
78	6
79	9
79	44
80	11
80	72
81	22
81	65
82	2
82	53
83	38
83	4
84	1
84	2
85	44
85	59
86	2
86	67
87	43
87	39
88	54
88	60
89	2
89	46
90	56
90	87
91	11
91	41
92	37
92	34
93	85
93	35
94	11
94	83
95	21
95	84
96	86
96	51
97	73
97	54
98	33
98	1
99	65
99	98
100	22
100	41
101	1
101	10
102	10
102	37
103	30
103	18
104	53
104	54
105	16
105	81
106	60
106	44
107	87
107	21
108	23
108	43
109	64
109	35
110	2
110	13
111	43
111	8
112	3
112	56
113	66
113	102
114	101
114	64
115	15
115	4
116	24
116	89
117	113
117	11
118	27
118	60
119	7
119	74
120	1
120	38
121	49
121	99
122	37
122	2
123	21
123	3
124	3
124	15
125	7
125	8
126	106
126	22
127	10
127	22
128	44
128	10
129	14
129	4
130	72
130	21
131	57
131	15
132	43
132	30
133	118
133	1
134	132
134	31
135	1
135	119
136	85
136	44
137	71
137	132
138	84
138	37
139	23
139	74
140	51
140	4
141	137
141	32
142	1
142	36
143	55
143	11
144	4
144	21
145	101
145	28
146	113
146	11
147	7
147	101
148	120
148	24
149	21
149	86
150	143
150	1
151	85
151	63
152	138
152	3
153	38
153	124
154	51
154	2
155	76
155	134
156	105
156	38
157	119
157	134
158	1
158	98
159	145
159	9
160	135
160	7
161	132
161	60
162	1
162	3
163	134
163	11
164	93
164	138
165	2
165	7
166	155
166	139
167	10
167	110
168	41
168	4
169	87
169	43
170	60
170	38
171	138
171	143
172	48
172	12
173	8
173	66
174	85
174	11
175	173
175	31
176	21
176	11
177	40
177	156
178	4
178	3
179	54
179	113
180	11
180	63
181	40
181	2
182	3
182	60
183	94
183	3
184	68
184	17
185	73
185	21
186	134
186	22
187	64
187	177
188	1
188	21
189	141
189	56
190	21
190	151
191	66
191	113
192	60
192	11
193	24
193	138
194	184
194	3
195	87
195	21
196	39
196	15
197	2
197	64
198	26
198	168
199	150
199	198
200	54
200	21
201	33
201	82
202	60
202	13
203	107
203	52
204	51
204	45
205	63
205	147
206	194
206	196
207	86
207	204
208	44
208	132
209	203
209	185
210	35
210	9
211	23
211	21
212	77
212	151
213	9
213	93
214	4
214	107
215	115
215	125
216	3
216	66
217	195
217	71
218	3
218	99
219	24
219	10
220	8
220	83
221	207
221	1
222	31
222	192
223	35
223	159
224	21
224	203
225	46
225	55
226	21
226	1
227	96
227	19
228	117
228	198
229	11
229	3
230	1
230	54
231	226
231	200
232	1
232	139
233	11
233	85
234	81
234	34
235	15
235	77
236	5
236	2
237	115
237	39
238	60
238	171
239	110
239	93
240	215
240	15
241	60
241	158
242	21
242	38
243	1
243	52
244	11
244	143
245	64
245	151
246	204
246	15
247	118
247	3
248	10
248	15
249	21
249	9
250	31
250	234
251	38
251	119
252	11
252	2
253	206
253	186
254	7
254	9
255	184
255	1
256	103
256	113
257	15
257	22
258	33
258	132
259	17
259	58
260	230
260	69
261	59
261	125
262	15
262	27
263	201
263	86
264	3
264	208
265	3
265	151
266	153
266	194
267	258
267	4
268	228
268	190
269	132
269	1
270	1
270	60
271	75
271	15
272	21
272	39
273	134
273	13
274	215
274	22
275	240
275	109
276	119
276	178
277	132
277	271
278	52
278	10
279	177
279	199
280	195
280	10
281	35
281	255
282	74
282	7
283	44
283	10
284	15
284	85
285	37
285	21
286	107
286	150
287	208
287	271
288	95
288	4
289	240
289	40
290	234
290	13
291	75
291	6
292	21
292	46
293	100
293	76
294	259
294	215
295	7
295	177
296	10
296	71
297	54
297	296
298	180
298	3
299	158
299	35
300	177
300	204
301	3
301	62
302	1
302	155
303	273
303	54
304	40
304	37
305	3
305	48
306	61
306	1
307	273
307	150
308	139
308	11
309	9
309	23
310	8
310	74
311	103
311	36
312	168
312	91
313	253
313	57
314	279
314	149
315	15
315	3
316	1
316	15
317	279
317	76
318	9
318	87
319	107
319	133
320	209
320	33
321	312
321	132
322	63
322	54
323	21
323	94
324	302
324	78
325	309
325	51
326	113
326	282
327	152
327	93
328	189
328	87
329	3
329	321
330	74
330	85
331	59
331	207
332	60
332	8
333	282
333	103
334	11
334	132
335	3
335	245
336	46
336	87
337	248
337	51
338	129
338	2
339	173
339	24
340	77
340	112
341	120
341	35
342	158
342	314
343	279
343	120
344	214
344	139
345	195
345	309
346	289
346	168
347	302
347	346
348	125
348	346
349	60
349	10
350	10
350	266
351	110
351	139
352	88
352	47
353	16
353	314
354	198
354	312
355	314
355	63
356	48
356	23
357	292
357	1
358	60
358	76
359	286
359	41
360	263
360	354
361	78
361	66
362	61
362	75
363	32
363	271
364	11
364	178
365	235
365	194
366	339
366	1
367	51
367	71
368	2
368	10
369	3
369	73
370	12
370	255
371	155
371	339
372	58
372	363
373	2
373	298
374	50
374	306
375	3
375	248
376	191
376	138
377	187
377	9
378	11
378	93
379	322
379	286
380	119
380	251
381	86
381	66
382	113
382	46
383	202
383	75
384	160
384	10
385	139
385	65
386	87
386	303
387	351
387	15
388	344
388	15
389	64
389	48
390	3
390	39
391	93
391	43
392	90
392	183
393	133
393	46
394	55
394	339
395	261
395	298
396	16
396	3
397	300
397	2
398	15
398	77
399	208
399	132
400	55
400	15
