4
6
9
12
14
15
20
21
22
23
26
27
28
29
30
31
32
33
35
37
38
40
43
44
45
48
49
52
53
55
58
59
63
64
66
69
71
72
73
74
76
77
79
80
81
82
83
84
86
88
89
90
91
92
93
94
97
98
99
100
101
102
103
104
105
106
107
109
110
111
112
113
116
117
118
120
122
123
124
125
126
127
129
132
133
134
136
137
138
139
140
141
142
143
145
146
147
150
151
152
153
155
156
157
159
160
163
165
166
168
169
172
173
174
175
176
179
180
181
182
183
184
187
188
189
190
191
192
193
194
195
196
197
198
199
200
201
203
204
205
206
207
208
210
211
212
214
216
217
218
219
220
221
222
223
224
226
227
228
230
231
232
233
236
237
238
239
240
241
243
245
246
247
248
249
250
251
254
255
257
258
259
260
261
262
264
265
266
267
268
269
270
271
272
274
275
276
277
279
280
282
283
284
287
288
289
290
291
292
293
294
295
296
298
299
300
301
303
304
305
306
307
308
310
311
312
313
314
315
316
317
318
319
320
321
322
323
325
326
327
328
329
330
332
333
334
335
337
338
339
340
341
342
344
345
346
347
348
349
350
352
353
355
356
357
358
360
361
362
363
365
366
367
368
369
371
373
374
375
376
377
378
379
380
381
382
383
384
386
388
389
390
391
392
393
394
395
396
397
398
400
401
403
404
405
406
407
408
409
410
412
413
415
418
