4
7
9
15
18
23
27
40
49
50
51
55
57
58
59
64
67
71
79
83
88
95
98
99
102
104
105
107
108
110
117
118
121
122
125
129
134
136
140
142
143
144
145
149
150
159
161
163
168
169
172
173
176
177
179
182
184
187
189
192
195
197
200
203
205
207
214
217
219
221
224
227
228
229
231
233
239
240
242
243
244
249
253
255
257
258
265
266
268
269
274
275
276
277
278
283
285
286
288
289
291
294
297
298
299
301
303
305
313
316
317
320
321
324
325
326
327
330
332
333
337
338
343
350
351
355
368
371
383
386
388
389
391
394
396
397
398
401
402
404
407
409
411
414
417
421
424
426
427
436
445
464
467
469
477
478
480
481
482
483
488
490
491
493
495
500
502
503
508
509
513
520
521
523
525
530
533
535
540
541
543
544
546
547
548
550
551
552
553
554
558
559
564
571
572
575
576
577
582
583
585
587
588
589
590
598
601
603
607
614
620
622
627
632
634
635
638
650
656
658
666
668
669
670
672
680
685
690
698
700
702
706
707
710
712
718
723
724
725
728
730
732
735
736
738
740
748
749
756
759
762
776
781
782
789
790
795
797
800
804
806
812
813
814
815
819
821
825
830
833
845
849
851
854
858
859
860
862
863
864
867
868
872
874
875
880
881
882
893
895
897
898
902
903
905
907
909
913
915
916
918
921
926
928
932
938
939
940
942
944
945
947
949
950
951
956
957
958
961
964
966
970
972
974
976
980
981
984
989
992
994
995
999
1000
1002
1004
1006
1010
1011
1014
1021
1023
1025
1027
1029
1033
1034
1035
1039
1042
1043
1044
1045
1046
1047
1049
1053
1055
1057
1058
1059
1060
1062
1066
1067
1068
1069
1072
1074
1078
1083
1084
1086
1087
1091
1092
1093
1094
1096
1100
1103
1104
1105
1110
1111
1113
1114
1115
1116
1117
1119
1122
1123
1128
1129
1131
1133
1138
1141
1142
1143
1148
1149
1150
1154
1156
1159
1160
1164
1168
1169
1171
1174
1177
1182
1183
1185
1188
1191
1192
1193
1194
1200
1203
1204
1205
1206
1208
1209
1210
1216
1218
1219
1220
1222
1224
