30
42
50
51
53
54
57
62
65
67
95
98
99
115
118
122
133
156
163
181
198
222
225
227
228
231
255
257
258
263
279
306
312
329
345
377
396
408
411
416
417
421
425
430
437
439
446
463
475
477
485
489
493
495
520
521
537
539
540
541
542
544
562
574
575
576
577
579
588
593
608
621
627
629
632
634
643
655
659
683
685
692
701
702
703
704
705
706
708
709
713
718
723
724
728
739
746
750
773
776
790
791
798
805
832
846
863
869
873
876
892
893
903
905
911
923
925
931
940
945
949
955
961
967
968
977
996
1004
1014
1020
1023
1024
1026
1027
1028
1032
1036
1042
1044
1066
1068
1088
1099
1109
1111
1131
1132
1140
1159
1172
1175
1178
1201
1230
1237
1239
1240
1257
1274
1296
1297
1300
1308
1311
1330
1331
1333
1334
1335
1336
1337
1338
1345
1348
1352
1354
1363
1369
1370
1385
1387
1394
1395
1396
1402
1408
1416
1417
1419
1421
1428
1430
1441
1447
1455
1462
1463
1466
1476
1478
1484
1489
1493
1509
1521
1522
1526
1532
1542
1544
1561
1563
1568
1587
1589
1590
1591
1598
1621
1624
1627
1628
1633
1634
1637
1645
1651
1652
1653
1656
1663
1664
1674
1679
1685
1701
1703
1704
1705
1722
1734
1735
1738
1749
1753
1767
1771
1773
1778
1795
1818
1821
1825
1838
1846
1851
1860
1865
1869
1876
1883
1884
1885
1894
1898
1908
1912
1913
1919
1920
1924
1931
1934
1948
1958
1959
1965
1968
1981
1983
1984
1994
2008
2010
2017
2023
2025
2031
2040
2045
2046
2048
2054
2056
2057
2059
2066
2068
2075
2079
2081
2083
2084
2085
2089
2091
2092
2093
2095
2096
2102
2103
2106
2111
2119
2126
2139
2141
2150
2151
2153
2156
2163
2169
2173
2174
2176
2179
2184
2186
2200
2203
2207
2210
2211
2216
2229
2232
2235
2241
2243
2247
2248
2249
2252
2253
2263
2265
2267
2270
2271
2272
2273
2277
2279
2280
2282
2286
2287
2288
2289
2290
2291
2292
2293
2294
2303
2306
2307
2311
2313
2322
2324
2327
2334
2337
2338
2339
2340
2341
2346
2347
2350
2352
2354
2361
2367
2369
2372
2375
2376
2377
2379
2388
2395
2401
2406
2410
2417
2421
2425
2430
2432
2440
2442
2444
2448
2452
2454
2466
2468
2469
2474
2478
2482
2488
2502
2503
2507
2510
2511
2512
2514
2515
2521
2522
2523
2524
2525
2526
2531
2532
2535
2538
2541
2542
2546
2548
2551
2553
2554
2556
2558
2559
2561
2563
2565
2572
2577
2579
2582
2586
2587
2593
2595
2596
2597
2599
2603
2604
2610
2616
2629
2630
2634
2638
2643
2644
2647
2651
2652
2654
2655
2658
2659
2660
2665
2667
2668
2671
2672
2673
2675
2678
2683
2688
2699
2700
2702
2707
2712
2716
2718
2721
2722
2724
2725
2729
2733
2736
2740
2741
2742
2743
2747
2753
2755
2756
2762
2765
2775
2777
2784
2785
2787
2791
2793
2794
2800
2801
2805
2815
2822
2828
2835
2838
2846
2851
2853
2854
2866
2869
2870
2872
2877
2886
2889
2890
2891
2893
2900
2905
2906
2907
2908
2920
2921
2922
2923
2935
2940
2944
2945
2953
2954
2956
2965
2966
2973
2974
2975
2977
2978
2980
2981
2991
2992
2996
3002
3003
3008
3009
3010
3018
3020
3024
3025
3026
3027
3028
3029
3031
3034
3035
3052
3053
3056
3059
3067
3071
3074
3076
3078
3081
3082
3084
3087
3088
3096
3099
3101
3102
3103
3104
3105
3106
3107
3112
3114
3124
3127
3128
3135
3136
3146
3151
3152
3154
3155
3156
3162
3165
3168
3170
3171
3173
3177
3179
3181
3184
3190
3194
3201
3202
3205
3206
3209
3210
3211
3213
3217
3218
3221
3223
3225
3228
3229
3230
3232
3234
3237
3239
3241
3243
3244
3247
3248
3251
3252
3253
3254
3264
3265
3270
3271
3274
3277
3279
3280
3291
3293
3296
3297
3302
3304
3305
3306
3307
3318
3321
3323
3324
3325
3326
3329
3334
3335
3337
3339
3343
3344
3345
3346
3349
3352
3354
3359
3361
3362
3363
3364
3367
3369
3370
3372
3373
3374
3376
3377
3380
3381
3383
3384
3385
3389
3391
3392
3394
3395
3398
3400
3401
3404
3405
3406
3411
3416
3424
3427
3428
3430
3432
3434
3439
3440
3445
3446
3447
3454
3455
3456
3460
3463
3464
3465
3468
3470
3475
3477
3478
3479
3480
3481
3488
3490
3492
3493
3497
3501
3503
3505
3506
3507
3508
3509
3511
3518
3522
3523
3524
3525
3530
3534
3535
3536
3538
3539
3541
3542
3545
3549
3550
3551
3553
3554
3555
3556
3558
3559
3562
3563
3564
3566
3568
3570
3575
3576
3577
3578
3579
3581
3584
3586
3588
3589
3590
3591
3593
3594
3596
3597
3599
3601
3602
3604
3606
3607
3608
3613
3615
3619
3620
3621
3622
3625
3627
3628
3630
3634
3635
3636
3638
3648
3649
3651
3652
3653
3654
3655
3656
3662
3664
3665
3667
3668
3670
3671
3677
3679
3681
3682
3687
3688
3690
3692
3693
3694
3696
3697
3698
3699
3700
3703
3704
3707
3708
3709
3710
3713
3714
3716
3717
3718
3720
3722
3723
3725
3726
3728
3730
3734
3735
3737
3743
3744
3746
3748
3750
3756
3761
3762
3763
3765
3769
3776
3778
3779
3780
3784
3785
3786
3788
3789
3792
3793
3794
3797
3802
3808
3811
3813
3816
3817
3818
3820
3822
3823
3824
3826
3827
3830
3832
3833
3834
3836
3837
3838
3839
3840
3841
3842
3844
3845
3846
3847
3848
3853
3856
3858
3859
3860
3863
3865
3867
3870
3876
3877
3878
3881
3882
3883
3884
3887
3889
3893
3897
3900
3902
3903
3904
3906
3909
3912
3913
3915
3917
3918
3921
3923
3924
3926
3928
3930
3932
3933
3934
3936
3940
3942
3944
3945
3946
3949
3950
3953
3954
3955
3957
3958
3959
3961
3962
3963
3964
3966
3973
3974
3975
3978
3979
3982
3984
3985
3986
3988
3989
3991
3992
3995
3996
3999
4000
4001
4002
4004
4006
4007
4008
4009
4010
4011
4012
4013
4014
4015
4019
4021
4023
4024
4025
4026
4027
4028
4035
4037
4038
4040
4042
4043
4044
4046
4047
4049
4050
4053
4054
4055
4057
4058
4059
4062
4063
4064
4065
4066
4067
4068
4069
4070
4072
4073
4074
4075
4076
4077
4083
4084
4085
4086
4087
4088
4089
4091
4093
4094
4096
4099
4101
4103
4105
4107
4108
4109
4111
4113
4114
4115
4118
4119
4120
4121
4122
4123
4125
4127
4129
4132
4133
4134
4135
4136
4138
4139
4140
4141
4143
4146
4147
4148
4149
4150
4152
4153
4154
4155
4158
4159
4161
4162
4163
4166
4167
4168
4169
4171
4174
4175
4176
4177
4178
4179
4180
4181
4182
4184
4185
4188
4189
4192
4193
4197
4198
4199
4202
4203
4204
4205
4206
4209
4211
4212
4213
4214
4216
4217
4220
4221
4223
4224
4225
4227
4228
4230
4234
4236
4237
4238
4241
4242
4244
4245
4246
4247
4248
4251
4256
4257
4258
4261
4264
4265
4266
4267
4268
4270
4271
4272
4274
4275
4276
4278
4280
4281
4283
4284
4285
4286
4287
4290
4292
4293
4296
4297
4298
4301
4307
4309
4310
4311
4312
4313
4314
4315
4316
4317
4318
4319
4320
4321
4322
4324
4325
4327
4328
4329
4330
4331
4332
4333
4335
4336
4337
4338
4340
4341
4342
4343
4345
4350
4351
4352
4353
4354
4355
4356
4357
4360
4362
4364
4365
4367
4368
4369
4370
4371
4372
4373
4375
4376
4377
4380
4381
4382
4383
4385
4387
4389
4393
4395
4399
4401
4402
4403
4404
4405
4406
4408
4409
4410
4411
4413
4414
4417
4418
4419
4420
4422
4423
4425
4426
4429
4430
4431
4432
4433
4434
4435
4436
4437
4438
4439
4440
4442
4443
4446
4447
4448
4449
4451
4452
4453
4454
4455
4456
4457
4458
4459
4462
4463
4464
4465
4466
4467
4468
4469
4471
4472
4474
4475
4480
4483
4484
4485
4486
4493
4494
4495
4497
4498
4499
4500
4501
4503
4505
4506
4508
4509
4510
4512
4514
4515
4516
4517
4520
4521
4522
4523
4525
4527
4528
4529
4530
4531
4532
4533
4534
4535
4536
4537
4539
4540
4541
4542
4543
4544
4546
4547
4548
4549
4550
4553
4554
4556
4557
4559
4560
4562
4563
4564
4566
4567
4568
4569
4570
4571
4572
4573
4574
4575
4576
4577
4578
4579
4580
4581
4582
4583
4584
4585
4586
4590
4593
4594
4595
4596
4597
4599
4600
4601
4602
4605
4606
4607
4608
4609
4610
4611
4613
4616
4617
4618
4619
4620
4623
4624
4625
4626
4627
4629
4630
4631
4632
4634
4638
4639
4640
4641
4642
4644
4645
4647
4648
4652
4653
4654
4655
4656
4657
4659
4660
4661
4662
4663
4665
4666
4668
4672
4673
4674
4675
4676
4677
4679
4680
4681
4682
4683
4684
4686
4687
4688
4689
4691
4692
4694
4695
4696
4697
4698
4700
4701
4702
4703
4705
4706
4707
4708
4709
4710
4711
4712
4714
4715
4716
4717
4720
4722
4725
4727
4728
4730
4731
4732
4733
4734
4735
4736
4737
4740
4742
4743
4744
4747
4748
4749
4750
4751
4752
4753
4755
4756
4758
4759
4760
4761
4762
4763
4765
4766
4767
4768
4769
4770
4771
4772
4773
4774
4775
4776
4779
4780
4781
4782
4783
4784
4785
4786
4788
4789
4790
4791
4792
4793
4794
4795
4799
4801
4802
4803
4804
4805
4806
4807
4808
4811
4812
4813
4815
4816
4817
4818
4819
4821
4822
4826
4827
4828
4829
4830
4831
4832
4834
4835
4836
4837
4839
4840
4842
4844
4845
4846
4848
4849
4850
4851
4852
4853
4855
4857
4859
4860
4861
4862
4863
4864
4865
4866
4867
4868
4869
4870
4871
4872
4873
4876
4877
4878
4879
4880
4881
4882
4883
4884
4885
4886
4887
4888
4890
4891
4892
4893
4896
4897
4898
4899
4900
4901
4902
4903
4905
4906
4907
4908
4910
4911
4912
4913
4914
4915
4916
4917
4918
4919
4920
4921
4922
4923
4924
4925
4926
4927
4928
4929
4931
4932
4933
4934
4935
4936
4938
4939
4940
4941
4942
4943
4944
4945
4947
4948
4949
4951
4952
4953
4956
4957
4958
4959
4961
4962
4964
4965
4966
4968
4971
4972
4973
4975
4976
4977
4978
4979
4980
4982
4983
4986
4987
4988
4989
4992
4993
4994
4995
4996
4997
4999
5000
5001
5002
5003
5005
5006
5007
5008
5010
5011
5012
5013
5016
5017
5018
5019
5020
5021
5022
5023
5024
5025
5026
5027
5029
5030
5031
5032
5033
5035
5036
5037
5038
5039
5041
5043
5044
5045
5046
5047
5048
5049
5051
5053
5054
5055
5056
5058
5059
5060
5061
5062
5063
5064
5066
5067
5068
5069
5071
5072
5073
5074
5075
5077
5079
5080
5081
5082
5083
5084
5085
5086
5087
5088
5090
5091
5092
5093
5094
5095
5096
5097
5098
5100
5102
5103
5105
5106
5107
5108
5109
5110
5112
5114
5115
5116
5117
5118
5119
5120
5121
5122
5123
5124
5125
5126
5127
5128
5129
5130
5131
5132
5133
5134
5135
5136
5137
5138
5141
5142
5145
5146
5147
5148
5149
5150
5151
5152
5153
5154
5155
5156
5157
5159
5160
5161
5162
5163
5164
5165
5166
5167
5169
5170
5171
5172
5174
5175
5176
5178
5179
5180
5181
5182
5183
5184
5185
5186
5187
5188
5189
5190
5194
5195
5196
5197
5198
5199
5200
5202
5205
5207
5208
5209
5210
5211
5213
5214
5215
5216
5217
5218
5219
5221
5222
5224
5225
5226
5227
5228
5229
5230
5231
5232
5234
5235
5236
5237
5239
5240
5241
5243
5244
5246
5247
5250
5251
5254
5255
5256
5257
5258
5260
5262
5263
5265
5266
5267
5269
5271
5272
5273
5274
5275
5276
5280
5281
5282
5283
5284
5285
5286
5287
5288
5289
5290
5292
5293
5294
5295
5296
5297
5298
5299
5300
5301
5303
5304
5305
5306
5307
5308
5311
5312
5314
5315
5316
5317
5319
5320
5321
5322
5323
5325
5326
5327
5328
5329
5330
5331
5332
5334
5335
5336
5337
5338
5339
5340
5342
5343
5344
5346
5347
5349
5350
5351
5352
5354
5355
5356
5357
5359
5361
5362
5363
5364
5365
5366
5367
5368
5369
5370
5371
5372
5373
5374
5375
5378
5379
5380
5381
5382
5383
5385
5386
5387
5389
5391
5392
5393
5394
5395
5396
5398
5399
5400
5401
5402
5403
5404
5405
5406
5407
5408
5409
5410
5411
5412
5413
5414
5415
5416
5417
5418
5419
5420
5421
5422
5423
5424
5425
5426
5427
5428
5429
5430
5431
5432
5434
5435
5436
5437
5438
5439
5440
5441
5442
5443
5444
5445
5446
5447
5448
5450
5451
5452
5453
5454
5455
5456
5457
5459
5461
5462
5463
5464
5465
5466
5467
5468
5469
5470
5471
5472
5473
5475
5477
5478
5480
5481
5482
5485
5487
5488
5489
5491
5492
5493
5495
5497
5498
5499
5500
5501
5504
5505
5506
5508
5509
5510
5511
5512
5514
5515
5516
5517
5518
5519
5520
5521
5522
5523
5524
5525
5526
5527
5528
5529
5530
5531
5532
5534
5535
5536
5538
5539
5540
5541
5543
5544
5545
5546
5547
5548
5549
5550
5551
5552
5555
5556
5557
5558
5559
5560
5561
5564
5565
5566
5567
5568
5569
5570
5571
5572
5573
5574
5575
5577
5578
5579
5580
5581
5582
5583
5584
5585
5586
5587
5589
5590
5591
5592
5593
5595
5596
5597
5598
5599
5600
5601
5602
5603
5604
5605
5606
5608
5612
5613
5614
5615
5617
5619
5620
5621
5622
5623
5625
5626
5627
5630
5632
5633
5634
5635
5637
5639
5640
5641
5642
5644
5645
5646
5647
5648
5649
5650
5651
5652
5654
5656
5657
5658
5659
5660
5661
5662
5663
5664
5665
5666
5667
5668
5669
5670
5671
5672
5674
5675
5676
5677
5678
5679
5680
5681
5683
5686
5687
5688
5689
5690
5691
5692
5695
5696
5697
5698
5699
5700
5701
5703
5704
5705
5706
5707
5709
5710
5711
5713
5714
5716
5717
5718
5719
5720
5722
5723
5724
5725
5727
5728
5729
5730
5731
5734
5735
5736
5737
5738
5739
5740
5741
5742
5743
5745
5747
5748
5749
5750
5751
5752
5753
5754
5755
5756
5757
5758
5759
5760
5761
5762
5763
5764
5765
5766
5768
5769
5770
5771
5772
5773
5774
5777
5778
5779
5780
5782
5783
5784
5785
5787
5788
5789
5790
5791
5792
5793
5794
5795
5796
5797
5800
5801
5802
5803
5804
5805
5807
5808
5809
5810
5811
5812
5813
5814
5815
5816
5817
5818
5819
5820
5821
5823
5824
5825
5826
5828
5829
5830
5831
5832
5835
5836
5837
5838
5839
5840
5841
5842
5844
5846
5847
5849
5850
5851
5852
5853
5854
5856
5857
5858
5859
5862
5863
5864
5865
5866
5868
5869
5870
5871
5872
5873
5874
5875
5876
5877
5878
5880
5881
5882
5883
5885
5886
5887
5888
5889
5891
5892
5893
5894
5895
5896
5897
5898
5899
5900
5901
5902
5905
5907
5908
5909
5910
5911
5912
5913
5914
5915
5917
5918
5919
5920
5921
5922
5923
5924
5925
5926
5927
5928
5929
5931
5932
5933
5934
5935
5936
5937
5938
5940
5942
5945
5946
5947
5948
5949
5950
5951
5952
5953
5954
5955
5956
5957
5958
5959
5961
5962
5964
5965
5966
5967
5968
5969
5970
5971
5973
5976
5977
5978
5979
5980
5981
5982
5983
5984
5985
5986
5987
5988
5989
5990
5992
5993
5994
5995
5996
5998
5999
6000
6001
6002
6003
6005
6007
6008
6010
6011
6012
6013
6014
6015
6016
6017
6021
6022
6023
6025
6026
6027
6028
6029
6030
6031
6032
6033
6034
6036
6037
6038
6039
6040
6041
6042
6043
6044
6045
6046
6047
6048
6049
6050
6051
6052
6054
6055
6056
6058
6059
6060
6062
6063
6064
6065
6066
6067
6068
6069
6070
6071
6072
6076
6077
6078
6079
6080
6081
6082
6083
6085
6086
6087
6088
6090
6091
6092
6094
6095
6096
6097
6098
6099
6101
6102
6103
6104
6105
6106
6108
6109
6110
6112
6113
6114
6115
6116
6118
6119
6120
6121
6122
6123
6124
6125
6126
6127
6128
6129
6130
6132
6134
6135
6136
6137
6138
6139
6140
6143
6144
6145
6147
6148
6149
6150
6151
6152
6153
6154
6155
6157
6158
6159
6160
6161
6162
6163
6165
6166
6167
6168
6169
6170
6171
6172
6173
6174
6175
6176
6177
6178
6179
6180
6182
6184
6185
6186
6187
6188
6190
6191
6192
6193
6194
6195
6196
6197
6198
6199
6200
6201
6202
6203
6204
6205
6206
6207
6208
6209
6210
6212
6213
6214
6215
6216
6217
6218
6219
6220
6221
6223
6224
6225
6226
6227
6228
6229
6230
6231
6233
6234
6235
6236
6237
6238
6239
6240
6242
6243
6244
6245
6246
6247
6249
6250
6252
6253
6254
6255
6256
6257
6258
6259
6261
6262
6263
6264
6265
6266
6267
6268
6269
6270
6271
6272
6274
6275
6276
6277
6279
6280
6281
6282
6283
6284
6285
6287
6288
6289
6290
6291
6292
6293
6294
6295
6296
6297
6298
6299
6300
6301
6303
6304
6305
6306
6307
6308
6310
6311
6312
6313
6314
6315
6316
6317
6318
6319
6320
6321
6322
6323
6324
6325
6326
6327
6328
6330
6331
6332
6333
6334
6336
6337
6338
6339
6340
6341
6342
6343
6345
6346
6347
6349
6350
6351
6352
6353
6354
6355
6356
6357
6358
6359
6360
6361
6362
6363
6364
6365
6366
6367
6368
6369
6370
6371
6372
6373
6374
6375
6376
6377
6378
6379
6380
6381
6382
6383
6384
6385
6386
6388
6389
6390
6391
6392
6393
6394
6395
6396
6397
6398
6399
6400
6402
6403
6404
6405
6406
6408
6409
6410
6411
6412
6414
6415
6416
6418
6421
6422
6423
6424
6425
6426
6427
6428
6429
6430
6431
6432
6433
6434
6435
6436
6437
6438
6439
6440
6441
6442
6443
6445
6446
6447
6448
6450
6451
6452
6453
6454
6455
6456
6457
6458
6459
6460
6461
6462
6463
6464
6465
6467
6468
6469
6470
6471
6473
6474
6475
6476
6477
6478
6479
6480
6481
6482
6483
6484
6485
6487
6489
6490
6492
6493
6494
6495
6497
6499
6501
6502
6503
6505
6507
6508
6509
6510
6511
6512
6514
6515
6516
6517
6518
6519
6520
6521
6522
6523
6524
6525
6526
6527
6528
6529
6530
6531
6532
6536
6537
6538
6539
6540
6541
6542
6543
6544
6545
6546
6547
6548
6549
6550
6551
6552
6553
6555
6556
6557
6558
6559
6561
6562
6563
6564
6565
6567
6570
6572
6573
6574
6576
6577
6578
6579
6580
6581
6582
6583
6585
6586
6588
6589
6590
6592
6593
6594
6595
6596
6597
6598
6599
6600
6602
6603
6604
6605
6606
6607
6609
6610
6611
6612
6613
6614
6615
6616
6617
6618
6619
6620
6621
6623
6624
6625
6626
6627
6628
6629
6630
6631
6632
6633
6634
6635
6636
6637
6638
6639
6640
6641
6642
6643
6644
6645
6646
6647
6648
6649
6650
6651
6652
6653
6654
6655
6656
6658
6659
6660
6661
6662
6663
6664
6665
6666
6667
6668
6669
6670
6671
6672
6673
6674
6675
6676
6677
6678
6679
6680
6681
6682
6683
6684
6685
6686
6687
6688
6690
6692
6693
6694
6697
6698
6699
6702
6703
6704
6705
6706
6707
6708
6710
6711
6712
6713
6714
6716
6717
6719
6720
6721
6722
6723
6725
6726
6727
6728
6729
6730
6731
6732
6733
6734
6735
6736
6737
6738
6739
6740
6741
6742
6743
6744
6745
6746
6747
6748
6749
6750
6751
6752
6753
6754
6755
6756
6757
6758
6759
6760
6761
6762
6764
6765
6766
6767
6768
6769
6770
6771
6772
6773
6774
6775
6776
6777
6778
6779
6780
6781
6783
6784
6785
6786
6788
6789
6790
6791
6792
6793
6795
6796
6797
6798
6799
6800
6801
6802
6803
6804
6808
6809
6810
6811
6812
6813
6814
6815
6816
6817
6818
6819
6821
6822
6823
6824
6825
6826
6827
6828
6830
6831
6832
6833
6834
6835
6837
6838
6839
6840
6841
6842
6843
6844
6846
6847
6848
6849
6850
6851
6853
6854
6855
6856
6857
6858
6859
6860
6861
6863
6864
6865
6866
6867
6868
6869
6870
6872
6873
6874
6875
6876
6877
6878
6879
6880
6881
6882
6883
6884
6885
6886
6887
6888
6889
6890
6891
6892
6893
6894
6895
6896
6897
6898
6899
6900
6901
6902
6903
6904
6905
6906
6907
6909
6910
6911
6912
6913
6914
6915
6916
6917
6918
6921
6922
6923
6924
6925
6926
6927
6928
6929
6932
6933
6934
6935
6936
6937
6938
6939
6940
6941
6942
6943
6944
6945
6946
6947
6948
6949
6950
6951
6952
6953
6954
6956
6957
6958
6959
6960
6961
6962
6963
6964
6965
6966
6967
6968
6969
6970
6971
6972
6973
6974
6975
6977
6978
6979
6980
6981
6982
6983
6984
6985
6986
6988
6989
6990
6991
6992
6993
6994
6995
6996
6997
6998
6999
7000
7001
7002
7003
7004
7005
7006
7007
7008
7009
7010
7011
7012
7013
7014
7015
7016
7017
7018
7019
7020
7021
7022
7025
7026
7027
7028
7029
7030
7031
7033
7034
7035
7036
7037
7038
7039
7040
7042
7043
7044
7045
7046
7047
7048
7049
7050
7051
7052
7053
7054
7055
7056
7057
7058
7060
7062
7063
7064
7065
7066
7067
7068
7069
7070
7071
7072
7074
7075
7076
7077
7078
7079
7081
7082
7083
7084
7085
7087
7088
7089
7090
7091
7092
7093
7094
7095
7096
7097
7098
7099
7100
7103
7104
7106
7107
7109
7111
7114
7115
7116
7117
7119
7120
7121
7122
7123
7124
7125
7126
7127
7128
7129
7130
7131
7132
7133
7134
7136
7137
7139
7140
7141
7142
7143
7144
7146
7147
7148
7149
7150
7151
7152
7153
7154
7155
7156
7157
7158
7159
7160
7162
7163
7164
7165
7166
7167
7168
7169
7171
7173
7174
7175
7176
7178
7179
7180
7181
7182
7183
7184
7185
7186
7187
7188
7189
7190
7191
7192
7193
7194
7195
7196
7197
7198
7199
7200
7202
7203
7204
7205
7206
7207
7208
7210
7211
7212
7213
7214
7216
7217
7218
7219
7220
7221
7222
7223
7224
7225
7226
7227
7228
7230
7231
7232
7233
7234
7235
7236
7237
7238
7239
7240
7241
7242
7243
7244
7245
7246
7247
7248
7250
7251
7252
7253
7254
7255
7256
7257
7258
7259
7260
7261
7262
7263
7264
7265
7266
7268
7269
7270
7271
7272
7273
7274
7275
7276
7278
7280
7282
7283
7284
7285
7286
7287
7288
7289
7290
7291
7292
7293
7294
7295
7296
7297
7298
7299
7300
7301
7302
7304
7305
7306
7308
7309
7310
7311
7312
7313
7314
7315
7316
7317
7318
7319
7320
7321
7322
7323
7324
7325
7326
7327
7328
7329
7331
7332
7333
7334
7335
7337
7338
7340
7341
7342
7343
7344
7345
7346
7347
7348
7349
7350
7352
7353
7354
7355
7356
7357
7358
7359
7360
7361
7362
7363
7364
7365
7366
7367
7368
7369
7370
7371
7372
7373
7374
7375
7376
7377
7379
7382
7383
7384
7385
7386
7387
7388
7389
7390
7391
7392
7393
7394
7395
7396
7397
7398
7399
7400
7401
7402
7403
7404
7405
7406
7407
7408
7409
7410
7411
7412
7413
7414
7415
7416
7417
7418
7419
7420
7421
7422
7424
7425
7426
7427
7428
7429
7430
7431
7432
7433
7434
7435
7436
7437
7439
7440
7441
7442
7443
7444
7445
7446
7448
7449
7450
7451
7452
7453
7454
7455
7456
7457
7458
7459
7460
7461
7462
7463
7464
7465
7466
7467
7468
7469
7470
7471
7473
7474
7475
7476
7477
7478
7479
7481
7482
7483
7484
7485
7486
7487
7488
7489
7490
7491
7492
7493
7494
7495
7496
7497
7498
7499
7500
7501
7502
7503
7505
7506
7507
7508
7509
7510
7511
7512
7513
7514
7516
7517
7518
7519
7520
7521
7522
7523
7524
7525
7526
7527
7528
7529
7530
7531
7532
7533
7534
7535
7537
7538
7539
7541
7542
7543
7544
7545
7546
7547
7548
7549
7550
7551
7553
7554
7555
7556
7557
7558
7559
7560
7561
7562
7564
7566
7567
7569
7570
7571
7572
7573
7574
7575
7576
7577
7578
7581
7582
7583
7584
7585
7586
7587
7588
7589
7590
7591
7592
7594
7595
7596
7597
7598
7600
7601
7602
7603
7604
7605
7606
7607
7608
7609
7610
7611
7612
7613
7614
7615
7616
7617
7618
7619
7620
7621
7622
7624
7625
7626
7627
7628
7629
7630
7631
7632
7633
7634
7635
7636
7637
7638
7639
7640
7641
7642
7643
7644
7645
7648
7649
7650
7651
7652
7653
7654
7655
7656
7657
7658
7659
7660
7661
7662
7663
7664
7665
7666
7667
7668
7669
7670
7671
7672
7673
7674
7675
7676
7677
7678
7679
7680
7681
7682
7683
7684
7685
7686
7687
7688
7690
7691
7692
7693
7694
7695
7697
7698
7699
7700
7701
7702
7704
7705
7706
7707
7708
7709
7710
7712
7713
7714
7715
7716
7717
7718
7719
7720
7721
7722
7723
7724
7725
7726
7727
7728
7729
7730
7731
7732
7733
7734
7736
7737
7738
7739
7740
7741
7742
7743
7744
7746
7747
7748
7749
7750
7751
7752
7753
7754
7755
7756
7757
7758
7759
7760
7761
7762
7763
7764
7765
7766
7767
7769
7770
7771
7772
7773
7774
7775
7776
7777
7778
7779
7782
7783
7784
7785
7786
7787
7788
7789
7790
7791
7792
7793
7794
7795
7796
7797
7798
7799
7800
7801
7802
7803
7804
7805
7806
7807
7808
7809
7811
7813
7814
7815
7816
7817
7818
7819
7820
7821
7822
7823
7824
7825
7826
7827
7828
7829
7830
7831
7832
7833
7834
7835
7836
7837
7838
7839
7840
7841
7842
7843
7844
7845
7846
7847
7848
7849
7850
7851
7853
7854
7855
7856
7857
7858
7859
7860
7861
7862
7863
7865
7866
7867
7868
7869
7870
7872
7873
7874
7875
7876
7877
7879
7880
7881
7882
7883
7885
7886
7887
7888
7889
7890
7891
7892
7893
7895
7896
7897
7898
7899
7900
7901
7902
7903
7904
7905
7906
7907
7908
7909
7910
7914
7915
7916
7917
7918
7919
7922
7923
7924
7925
7926
7927
7928
7929
7930
7931
7932
7934
7935
7936
7937
7938
7939
7940
7941
7942
7943
7944
7945
7946
7947
7948
7949
7952
7953
7954
7955
7956
7959
7960
7961
7962
7963
7964
7965
7966
7967
7968
7969
7971
7972
7973
7974
7975
7976
7977
7979
7980
7981
7982
7983
7984
7985
7986
7987
7989
7990
7991
7992
7993
7994
7995
7996
7997
7998
7999
8000
8001
8002
8003
8004
8005
8006
8008
8009
8010
8012
8014
8015
8016
8017
8018
8019
8020
8021
8022
8023
8024
8025
8026
8027
8028
8029
8030
8031
8032
8033
8034
8035
8036
8037
8038
8039
8040
8041
8042
8043
8044
8045
8046
8047
8048
8049
8050
8051
8052
8053
8054
8055
8056
8057
8058
8059
8060
8061
8062
8063
8064
8065
8066
8067
8068
8069
8070
8071
8072
8073
8074
8075
8076
8077
8078
8079
8081
8082
8083
8084
8085
8086
8087
8088
8089
8090
8091
8092
8093
8094
8096
8097
8098
8099
8100
8101
8102
8103
8104
8105
8106
8107
8108
8109
8110
8111
8112
8113
8114
8115
8116
8117
8118
8119
8120
8121
8122
8123
8125
8126
8127
8128
8129
8130
8131
8132
8133
8134
8135
8136
8137
8138
8139
8140
8141
8142
8143
8144
8145
8146
8147
8148
8149
8150
8151
8152
8153
8154
8155
8156
8157
8158
8159
8160
8161
8162
8163
8164
8165
8166
8167
8168
8169
8170
8172
8173
8174
8175
8176
8177
8178
8179
8180
8181
8182
8183
8184
8185
8186
8187
8188
8189
8190
8191
8192
8193
8194
8195
8196
8197
8198
8199
8200
8201
8202
8203
8204
8205
8206
8207
8208
8209
8210
8211
8212
8213
8214
8215
8216
8217
8218
8220
8222
8223
8224
8225
8226
8227
8228
8230
8231
8232
8233
8234
8235
8236
8237
8238
8239
8240
8241
8242
8243
8244
8245
8246
8247
8248
8249
8250
8251
8252
8253
8255
8256
8257
8258
8259
8260
8262
8263
8264
8265
8266
8267
8268
8269
8270
8271
8273
8274
8275
8276
8277
8278
8279
8280
8281
8282
8283
8284
8285
8286
8287
8288
8289
8290
8291
8292
8294
8295
8296
8297
8298
8299
8300
8301
8302
8303
8304
8305
8306
8307
8308
8309
8310
8311
8312
8313
8314
8315
8316
8318
8319
8320
8321
8322
8323
8324
8325
8326
8327
8328
8329
8330
8331
8332
8333
8335
8336
8337
8338
8341
8343
8344
8345
8346
8347
8348
8349
8350
8351
8352
8353
8354
8355
8356
8357
8358
8359
8360
8361
8362
8363
8364
8365
8366
8367
8368
8369
8370
8371
8372
8373
8374
8375
8376
8377
8378
8380
8381
8382
8383
8384
8385
8386
8387
8389
8390
8391
8392
8394
8395
8396
8397
8398
8399
8400
8401
8402
8403
8404
8405
8406
8407
8408
8409
8410
8411
8412
8413
8414
8416
8417
8418
8419
8420
8421
8422
8423
8424
8425
8426
8427
8428
8429
8430
8431
8432
8433
8434
8435
8436
8437
8438
8439
8440
8441
8442
8443
8444
8445
8446
8447
8448
8449
8450
8451
8452
8453
8454
8455
8456
8457
8458
8459
8460
8461
8462
8463
8464
8465
8466
8467
8468
8469
8470
8471
8472
8473
8474
8475
8476
8477
8478
8479
8480
8481
8482
8484
8485
8486
8487
8488
8489
8490
8491
8492
8493
8494
8495
8496
8497
8498
8499
8500
8501
8502
8503
8504
8505
8506
8507
8508
8509
8510
8511
8512
8513
8514
8515
8516
8517
8518
8520
8521
8522
8523
8524
8525
8526
8527
8528
8529
8530
8531
8532
8533
8535
8536
8537
8538
8539
8540
8541
8542
8543
8544
8545
8546
8547
8548
8549
8550
8551
8552
8553
8554
8555
8556
8557
8558
8559
8560
8561
8562
8563
8564
8565
8566
8567
8569
8570
8571
8572
8573
8574
8575
8576
8577
8578
8579
8580
8581
8582
8583
8584
8585
8586
8587
8588
8589
8590
8591
8592
8593
8594
8595
8596
8597
8598
8599
8600
8601
8602
8603
8604
8605
8606
8607
8608
8609
8610
8611
8612
8613
8614
8615
8616
8617
8618
8619
8620
8621
8622
8623
8624
8625
8626
8627
8628
8629
8630
8631
8632
8633
8634
8635
8636
8637
8638
8639
8640
8641
8642
8643
8644
8645
8646
8647
8648
8649
8650
8651
8652
8653
8654
8655
8656
8657
8658
8659
8660
8661
8662
8663
8664
8665
8666
8667
8669
8670
8671
8672
8673
8674
8675
8676
8677
8678
8679
8680
8681
8682
8683
8684
8685
8686
8687
8688
8689
8690
8691
8693
8694
8695
8696
8697
8698
8699
8700
8701
8702
8703
8704
8705
8706
8707
8708
8709
8712
8713
8714
8715
8716
8717
