18
19
36
51
60
70
72
75
76
81
83
90
92
96
100
113
117
118
122
123
125
131
132
137
138
140
142
146
147
149
152
153
154
155
161
162
164
165
170
173
177
178
179
185
186
187
190
192
193
198
200
201
203
204
205
208
209
210
211
212
213
216
217
219
220
222
224
226
227
229
231
233
235
236
237
239
242
243
244
245
247
249
250
251
252
253
254
255
257
258
259
261
262
264
265
266
267
268
273
274
275
276
277
279
281
282
283
284
285
286
287
288
289
291
292
294
295
296
297
298
300
301
302
304
305
306
307
308
309
311
312
313
314
316
317
319
322
323
324
325
326
328
329
330
331
332
333
334
335
336
337
339
341
343
344
345
346
347
349
351
352
353
354
355
356
357
358
360
361
362
363
364
365
366
367
368
369
370
371
372
373
374
375
376
377
378
379
380
381
382
383
385
386
387
388
389
390
391
392
393
394
395
396
397
398
399
400
