20
25
29
42
70
79
80
92
96
97
104
108
111
114
116
121
122
123
126
127
128
130
131
136
140
142
144
146
148
154
157
161
162
163
164
165
166
167
169
170
172
174
175
176
179
181
182
183
188
193
197
205
206
210
211
212
213
216
217
218
219
220
221
222
223
224
225
226
227
228
229
231
232
233
235
236
237
238
239
241
242
243
244
246
247
249
250
252
254
256
257
260
262
264
265
267
268
269
270
272
274
275
276
277
278
280
281
283
284
285
287
288
290
291
293
294
295
297
299
301
304
305
307
308
310
311
313
315
316
317
318
319
320
323
324
325
326
327
328
329
330
331
332
333
334
335
336
337
338
340
341
342
343
345
347
348
349
350
352
353
354
355
356
357
358
359
360
361
362
363
364
365
366
367
368
369
370
371
372
373
374
375
376
377
378
379
380
381
382
383
384
385
386
387
388
389
390
391
392
393
394
395
396
397
398
399
400
