39
40
67
80
85
87
101
103
105
107
121
123
125
133
136
143
146
150
153
154
156
159
162
169
170
171
175
176
181
184
185
186
187
191
196
199
203
204
205
208
211
212
213
214
217
220
221
222
224
225
227
228
230
234
235
238
239
241
242
243
244
245
247
249
256
259
260
261
262
263
268
269
270
274
275
277
279
280
283
284
285
287
288
289
290
291
292
296
297
298
299
300
302
303
304
305
306
307
311
312
313
314
316
317
318
319
320
321
323
324
325
326
327
328
329
331
332
333
334
335
336
337
338
339
340
341
342
343
344
346
347
348
349
350
351
352
353
354
355
356
357
358
359
360
361
362
363
364
365
366
367
368
369
370
371
372
373
374
375
376
378
379
380
381
382
383
384
385
386
387
388
389
390
391
392
393
394
395
396
397
398
399
400
