65
76
78
91
94
95
101
103
109
111
116
123
138
142
145
149
153
158
162
166
171
172
174
175
176
182
184
189
193
196
204
205
206
208
212
213
218
221
222
223
225
228
231
233
234
235
236
237
240
249
250
251
253
256
257
258
259
260
262
263
264
267
274
276
278
279
281
283
285
286
287
288
289
291
292
294
298
299
300
301
302
303
305
306
309
311
312
315
316
317
318
319
322
323
325
326
327
328
330
331
332
333
334
336
337
339
340
341
342
343
344
345
346
348
349
350
351
352
353
354
355
356
357
358
361
362
364
365
366
367
368
369
370
371
372
373
374
375
376
377
378
379
380
381
382
383
384
385
386
387
388
389
390
391
392
393
394
395
396
397
398
399
400
