84
133
134
137
154
157
161
168
171
173
175
176
179
181
182
187
190
191
194
197
199
205
209
213
221
224
230
231
232
235
236
238
241
242
243
251
253
254
255
258
260
262
264
265
268
270
271
272
274
275
277
280
282
283
284
286
287
288
290
291
292
293
295
296
298
299
300
301
302
303
304
306
307
308
309
311
312
314
315
316
319
320
321
322
323
324
325
326
328
330
332
333
334
335
337
339
340
341
343
344
346
347
348
349
350
351
352
353
354
355
356
357
359
360
361
362
363
364
365
366
367
368
369
370
371
372
373
374
375
376
377
378
379
380
381
383
384
385
386
387
389
390
391
392
393
394
395
396
397
398
399
400
