94
112
126
133
135
139
141
150
161
163
165
167
180
187
188
189
191
193
195
206
207
211
213
214
217
219
222
223
227
228
229
231
232
233
236
237
241
242
247
250
251
252
257
260
261
263
264
267
268
269
270
271
272
273
274
277
279
281
282
283
284
286
288
289
291
292
293
295
296
297
298
302
304
305
306
308
309
312
313
315
316
317
318
319
320
323
324
325
326
328
329
330
331
332
333
334
335
336
338
339
341
342
343
345
346
347
348
349
350
351
352
354
355
356
357
358
359
360
361
362
363
365
366
367
368
369
371
372
373
374
376
377
378
379
380
381
382
383
384
385
386
387
388
389
390
391
392
393
394
395
396
397
398
399
400
